#!ascii label  , from subject 32k_fs_LR vox2ras=TkReg
14
10187  -25.890  19.380  -10.001 0.0000000000
13734  -31.680  -74.837  30.671 0.0000000000
16166  -41.439  -65.862  24.398 0.0000000000
16214  -41.052  -72.154  32.605 0.0000000000
20148  -28.965  11.278  -14.593 0.0000000000
21295  -6.819  16.521  -17.621 0.0000000000
24709  -26.612  -58.043  -7.820 0.0000000000
25874  -22.617  -62.581  8.580 0.0000000000
25875  -22.082  -62.837  8.967 0.0000000000
26580  -22.065  -31.315  -19.366 0.0000000000
26581  -22.442  -32.597  -18.672 0.0000000000
28221  -13.934  45.762  -3.308 0.0000000000
28222  -13.901  44.306  -3.285 0.0000000000
29111  -11.866  36.080  24.552 0.0000000000
