#!ascii label  , from subject 32k_fs_LR vox2ras=TkReg
912
18771  -52.089  16.063  20.212 0.6999999881
18726  -52.727  16.938  19.972 0.6999999881
18725  -52.987  16.044  18.710 0.6999999881
18679  -53.628  16.938  18.625 0.6999999881
18772  -51.672  16.816  21.138 0.6000000238
18767  -51.020  12.918  12.595 0.8999999762
18811  -49.961  12.256  12.202 0.8999999762
18717  -50.407  10.228  3.087 0.8000000119
18680  -53.258  18.018  19.403 0.6999999881
18631  -54.009  16.866  17.152 0.6999999881
18678  -53.599  15.927  17.207 0.8000000119
18630  -53.740  15.796  15.598 0.6999999881
18724  -52.778  15.245  16.851 0.6999999881
18677  -53.295  15.042  15.282 0.6999999881
18723  -52.420  14.460  14.896 0.6999999881
18676  -53.088  14.321  13.330 0.8000000119
18722  -52.121  13.628  12.943 0.8999999762
18675  -52.755  13.638  11.370 0.8999999762
18721  -51.746  12.840  10.987 0.8999999762
18854  -49.180  11.430  11.591 0.8999999762
18937  -48.096  8.670  10.280 0.8000000119
18936  -48.554  7.458  8.723 0.8000000119
18895  -48.653  9.239  9.039 0.8999999762
18894  -49.164  8.135  7.484 0.8000000119
18851  -49.818  8.663  6.159 0.8000000119
18808  -49.887  9.838  6.307 0.8000000119
18670  -50.029  10.501  1.791 0.8000000119
18632  -53.998  17.970  18.206 0.6000000238
18629  -53.530  15.062  13.799 0.8999999762
18628  -53.209  14.470  11.882 1.0000000000
18674  -52.273  13.041  9.433 0.8999999762
18810  -49.768  11.513  10.164 0.8999999762
18766  -50.700  12.180  10.627 0.8999999762
18896  -48.632  10.264  10.918 0.8000000119
18853  -49.164  10.580  9.582 0.8000000119
18765  -50.424  11.526  8.602 0.8999999762
18852  -49.287  9.611  7.744 0.8000000119
18764  -50.145  10.788  6.514 0.8000000119
18718  -50.484  10.983  4.903 0.8000000119
18672  -51.064  11.984  5.280 0.8999999762
18763  -50.331  9.975  4.728 0.8000000119
18623  -49.873  11.479  2.205 0.8000000119
18671  -50.455  11.288  3.333 0.8000000119
10126  -42.096  9.434  7.900 0.1000000015
18261  -42.771  9.936  6.327 0.1000000015
18315  -43.534  9.312  5.681 0.2000000030
18369  -44.210  10.011  4.095 0.2000000030
18574  -48.791  11.338  1.604 0.6999999881
18422  -45.203  10.756  2.871 0.4000000060
18473  -46.099  10.232  2.270 0.5000000000
18582  -53.791  16.911  15.653 0.6999999881
18532  -52.918  17.123  14.313 0.6999999881
18581  -53.448  15.998  14.124 0.6999999881
18531  -52.294  16.187  12.894 0.6999999881
18627  -52.728  13.895  9.866 1.0000000000
18720  -51.354  12.247  8.972 1.0000000000
18809  -49.705  10.723  8.198 0.8999999762
18719  -50.844  11.688  6.882 1.0000000000
11149  -41.252  10.052  8.541 0.1000000015
18575  -49.661  12.269  2.596 0.8000000119
18624  -50.687  12.261  3.750 0.8000000119
10125  -41.871  10.636  6.932 0.1000000015
18525  -48.161  11.990  2.032 0.6999999881
18316  -43.439  10.595  4.727 0.3000000119
18524  -47.449  10.870  1.647 0.6000000238
18633  -53.617  19.191  18.506 0.5000000000
18583  -54.124  17.960  16.702 0.6999999881
18580  -53.052  15.294  12.380 0.8000000119
18481  -51.461  17.228  13.135 0.6999999881
18429  -49.762  16.896  11.994 0.6999999881
18480  -50.638  15.966  11.699 0.8000000119
18530  -51.738  15.315  11.068 0.8000000119
18579  -52.505  14.634  10.398 1.0000000000
18377  -49.083  17.952  11.724 0.8000000119
18376  -48.276  16.449  10.708 0.8000000119
18322  -46.842  16.002  9.514 0.8000000119
18428  -49.147  15.566  10.301 0.8000000119
18479  -50.134  15.002  9.604 0.8000000119
18323  -47.458  17.577  10.879 0.8000000119
18626  -52.159  13.314  7.846 1.0000000000
18268  -46.042  17.200  9.958 0.8000000119
18375  -47.741  15.140  8.739 0.8000000119
18673  -51.664  12.521  7.344 1.0000000000
18427  -48.768  14.629  8.085 0.6999999881
18625  -51.507  12.827  5.761 1.0000000000
10119  -44.722  16.852  9.134 0.6000000238
18321  -46.277  14.921  7.594 0.6999999881
18426  -48.211  14.007  6.012 0.6000000238
18267  -45.513  15.757  8.532 0.6000000238
18374  -47.226  14.396  6.812 0.6000000238
18476  -48.304  13.252  3.697 0.6999999881
10120  -44.112  15.648  7.900 0.5000000000
18373  -46.421  13.912  5.157 0.5000000000
18425  -47.373  13.579  4.407 0.6000000238
18266  -44.844  14.887  6.942 0.5000000000
18320  -45.550  14.303  5.924 0.6000000238
18424  -46.595  12.952  3.351 0.6000000238
18372  -45.624  13.373  4.011 0.6000000238
18475  -47.410  12.528  2.635 0.6999999881
18526  -49.060  12.799  3.078 0.6999999881
18474  -46.649  11.506  2.247 0.6000000238
18263  -42.517  12.378  4.666 0.3000000119
18262  -42.562  11.165  5.395 0.3000000119
18370  -44.330  11.318  3.473 0.4000000060
18533  -53.572  18.100  15.115 0.6999999881
18482  -52.433  18.340  13.699 0.6000000238
18430  -50.745  18.272  12.652 0.6999999881
18578  -51.986  14.032  8.341 1.0000000000
18577  -51.407  13.521  6.287 0.8999999762
18478  -49.738  14.308  7.382 0.6999999881
18528  -50.696  14.033  6.792 0.8000000119
18477  -49.185  13.792  5.376 0.6999999881
18576  -50.554  13.000  4.215 0.8999999762
11338  -43.443  16.648  8.572 0.5000000000
18319  -44.674  13.807  4.677 0.5000000000
10121  -43.301  14.918  6.634 0.4000000060
18265  -43.934  14.305  5.516 0.5000000000
18317  -43.428  11.846  4.073 0.3000000119
18423  -45.803  12.022  2.843 0.6000000238
18371  -44.889  12.522  3.436 0.3000000119
18264  -43.024  13.572  4.701 0.4000000060
10123  -41.669  13.080  5.432 0.4000000060
18584  -54.175  19.062  17.301 0.6000000238
18534  -54.107  19.106  15.623 0.6000000238
18529  -51.148  14.595  8.925 0.8000000119
18527  -49.965  13.485  4.809 0.8000000119
11339  -42.942  17.663  8.696 0.5000000000
11309  -42.602  15.670  7.517 0.5000000000
10122  -42.302  14.187  5.654 0.4000000060
18318  -43.916  13.004  4.016 0.5000000000
11366  -44.166  17.958  9.195 0.5000000000
18421  -45.004  9.429  3.448 0.3000000119
10124  -41.656  11.811  6.051 0.3000000119
18887  -54.885  3.231  3.469 0.2000000030
18845  -54.062  4.038  2.432 0.2000000030
18846  -54.070  5.190  1.844 0.2000000030
18802  -53.058  4.922  1.662 0.2000000030
18969  -56.270  2.610  4.893 0.2000000030
18928  -55.375  2.215  4.484 0.2000000030
18888  -55.087  4.337  2.744 0.2000000030
18757  -51.804  4.436  2.066 0.3000000119
18803  -52.881  6.006  1.295 0.3000000119
18929  -55.811  3.517  3.827 0.2000000030
18930  -55.779  4.492  3.488 0.2000000030
18889  -54.876  5.369  2.552 0.2000000030
18713  -50.550  6.416  1.204 0.3000000119
18758  -51.842  5.689  1.299 0.3000000119
19047  -57.017  2.242  6.595 0.3000000119
19009  -56.899  2.923  5.583 0.3000000119
18970  -56.493  3.686  4.542 0.2000000030
18417  -45.162  4.065  8.087 0.1000000015
18469  -46.048  4.929  6.419 0.1000000015
18971  -56.155  4.489  4.506 0.2000000030
18520  -46.849  5.628  4.838 0.1000000015
18618  -48.614  5.404  3.213 0.3000000119
18666  -49.532  5.903  2.077 0.3000000119
18847  -53.735  6.170  1.847 0.3000000119
18759  -51.575  6.797  0.871 0.4000000060
19192  -58.031  3.148  10.754 0.3000000119
19157  -57.765  2.721  9.605 0.3000000119
19121  -57.391  2.150  8.521 0.3000000119
19122  -57.705  3.364  8.705 0.3000000119
19085  -57.407  2.792  7.557 0.3000000119
19086  -57.393  3.832  7.766 0.3000000119
19048  -57.234  3.386  6.573 0.3000000119
19010  -56.855  3.927  5.539 0.3000000119
18972  -55.349  4.932  4.767 0.2000000030
18470  -45.908  6.218  5.128 0.1000000015
18931  -55.229  5.196  3.548 0.2000000030
18570  -47.632  6.231  3.385 0.3000000119
18619  -48.423  6.787  2.138 0.3000000119
18521  -46.703  6.892  3.590 0.3000000119
18667  -49.304  7.271  1.204 0.3000000119
18571  -47.507  7.562  2.225 0.3000000119
18620  -48.415  8.087  1.263 0.3000000119
18714  -50.386  7.559  0.770 0.3000000119
18890  -54.156  6.057  2.811 0.3000000119
18804  -52.479  6.971  1.433 0.3000000119
19158  -57.874  3.823  10.001 0.3000000119
18976  -49.311  5.957  8.581 0.8000000119
18975  -51.045  5.289  7.104 0.4000000060
18974  -52.690  5.057  6.120 0.3000000119
19012  -55.146  4.594  6.140 0.2000000030
19011  -56.220  4.475  5.769 0.3000000119
19049  -56.864  4.176  6.764 0.3000000119
18935  -49.580  6.493  7.374 0.6000000238
18973  -54.169  5.031  5.346 0.3000000119
18934  -51.081  5.937  5.983 0.5000000000
18893  -50.020  7.304  6.223 0.6999999881
18933  -52.753  5.737  4.893 0.2000000030
18892  -51.334  6.720  4.885 0.6000000238
18932  -54.235  5.623  4.010 0.2000000030
18850  -50.753  7.975  4.812 0.6999999881
18849  -51.862  7.391  3.588 0.4000000060
18891  -52.882  6.421  3.635 0.4000000060
18807  -50.476  9.056  4.721 0.6999999881
18522  -46.653  8.262  2.428 0.4000000060
18760  -51.381  7.732  0.977 0.5000000000
18848  -52.923  6.893  2.478 0.4000000060
18572  -47.683  8.857  1.387 0.5000000000
18668  -49.363  8.457  0.721 0.5000000000
18715  -50.484  8.528  0.748 0.6000000238
18621  -48.750  9.317  0.805 0.6000000238
18669  -49.763  9.533  0.924 0.6000000238
18716  -50.526  9.437  1.600 0.6000000238
19123  -57.402  4.241  9.113 0.3000000119
19087  -56.728  4.412  8.236 0.3000000119
19013  -53.707  4.525  6.809 0.3000000119
19050  -56.015  4.487  7.164 0.3000000119
18806  -51.312  8.416  3.312 0.6000000238
18762  -50.812  9.222  3.044 0.6999999881
18761  -51.229  8.559  1.724 0.6000000238
18805  -52.001  7.833  2.103 0.5000000000
18622  -49.264  10.551  1.211 0.6000000238
18978  -47.586  8.148  11.550 0.6999999881
18977  -48.205  6.981  9.993 0.6999999881
19014  -52.147  4.579  7.543 0.3000000119
18979  -47.418  9.326  13.357 0.6999999881
18938  -48.066  9.811  12.148 0.6999999881
18939  -48.095  10.858  14.096 0.8000000119
18897  -48.649  11.158  12.901 0.8000000119
18855  -49.222  12.273  13.581 0.8000000119
19051  -54.645  4.388  7.701 0.3000000119
19015  -50.491  4.917  8.554 0.3000000119
18812  -50.203  13.086  14.009 0.6999999881
19124  -56.428  4.519  9.703 0.3000000119
19161  -54.392  3.900  11.796 0.3000000119
19196  -53.963  3.520  13.239 0.3000000119
19018  -47.198  7.705  12.711 0.6999999881
19019  -46.799  8.925  14.440 0.8000000119
18980  -47.418  10.472  15.136 0.8000000119
18898  -48.539  12.145  14.769 0.6999999881
18856  -49.387  13.257  15.340 0.6999999881
18768  -51.321  13.782  14.349 0.6999999881
19125  -54.968  4.193  10.295 0.3000000119
19162  -52.856  3.465  12.338 0.3000000119
19197  -52.486  3.122  13.806 0.3000000119
19017  -47.899  6.549  11.241 0.6999999881
18981  -47.245  11.597  16.861 0.6999999881
18940  -47.978  11.937  15.869 0.6999999881
18813  -50.504  14.063  15.846 0.6999999881
18483  -53.355  19.201  13.883 0.5000000000
19088  -55.573  4.426  8.703 0.3000000119
19052  -53.054  4.183  8.388 0.3000000119
19016  -49.028  5.556  9.778 0.5000000000
19020  -46.456  10.114  16.025 0.6999999881
18982  -47.187  12.311  18.722 0.6999999881
18941  -48.015  12.802  17.766 0.6999999881
18899  -48.643  13.227  16.688 0.6999999881
18900  -48.928  13.812  18.723 0.6999999881
18857  -49.676  14.176  17.386 0.6000000238
18858  -49.976  14.627  19.444 0.6000000238
18815  -51.101  15.317  19.965 0.6000000238
18816  -51.045  15.838  21.511 0.6000000238
18814  -50.865  14.840  17.963 0.6999999881
18769  -51.683  14.695  16.394 0.6000000238
18770  -52.036  15.444  18.471 0.6000000238
18431  -51.868  19.301  12.589 0.5000000000
18535  -54.318  20.143  15.980 0.5000000000
19059  -45.465  9.751  16.941 0.8000000119
19022  -46.134  11.661  19.547 0.8000000119
19021  -46.188  11.164  17.731 0.8000000119
19023  -45.949  11.825  21.396 0.6999999881
18983  -47.172  12.399  20.557 0.8000000119
18942  -48.125  13.074  19.735 0.6999999881
18943  -48.102  13.105  21.527 0.8000000119
18901  -49.081  13.913  20.639 0.6999999881
18859  -50.039  14.868  21.308 0.6999999881
18860  -49.681  15.424  22.435 0.6999999881
18727  -52.127  17.888  20.231 0.5000000000
18585  -53.897  20.304  17.355 0.3000000119
18378  -50.070  19.215  11.700 0.5000000000
18536  -54.079  21.289  15.982 0.3000000119
18484  -54.040  19.996  14.021 0.4000000060
19053  -51.490  4.253  9.110 0.3000000119
19057  -46.629  7.342  13.844 0.6000000238
19056  -47.478  6.165  12.410 0.6000000238
19055  -48.588  5.250  11.044 0.5000000000
19058  -46.005  8.573  15.414 0.8000000119
19098  -44.086  10.071  19.537 0.6000000238
19060  -45.162  10.666  18.594 0.8000000119
19024  -45.183  12.567  22.946 0.6999999881
18984  -46.795  12.567  22.302 0.6999999881
18985  -45.902  13.714  23.384 0.6999999881
18944  -47.515  13.710  23.028 0.6999999881
18902  -48.887  14.167  22.293 0.6999999881
18903  -48.195  15.129  23.003 0.6999999881
18817  -50.381  16.641  21.967 0.5000000000
18773  -50.871  17.630  20.925 0.5000000000
18681  -52.566  19.085  19.334 0.4000000060
18485  -54.276  21.010  14.271 0.2000000030
18379  -51.163  20.142  11.395 0.3000000119
18432  -52.920  20.038  12.479 0.3000000119
18433  -53.666  20.786  12.427 0.3000000119
19061  -44.947  11.001  20.430 0.6999999881
19062  -44.397  11.525  22.122 0.6999999881
19025  -44.165  14.114  23.312 0.4000000060
18945  -46.598  15.111  23.074 0.5000000000
18861  -48.843  16.343  22.364 0.4000000060
18728  -51.282  18.798  19.731 0.4000000060
18682  -51.585  20.201  18.525 0.3000000119
18818  -49.497  17.424  21.227 0.3000000119
18986  -44.902  15.228  22.793 0.4000000060
18904  -47.243  16.238  22.311 0.3000000119
18774  -49.923  18.499  19.964 0.4000000060
18635  -52.040  21.532  17.668 0.3000000119
18987  -44.073  16.222  21.444 0.4000000060
18946  -45.652  16.203  21.954 0.3000000119
18905  -46.345  17.109  20.923 0.1000000015
18862  -47.957  17.198  21.199 0.3000000119
18729  -50.216  19.905  18.740 0.3000000119
18947  -44.701  17.215  20.570 0.1000000015
18906  -45.264  18.251  19.831 0.1000000015
18863  -46.911  18.219  19.888 0.2000000030
18819  -48.472  18.314  20.020 0.2000000030
18775  -48.762  19.598  18.881 0.3000000119
18573  -48.122  10.128  1.158 0.6000000238
18418  -45.087  5.482  6.733 0.1000000015
19193  -57.812  4.087  11.312 0.3000000119
19160  -55.882  4.419  11.222 0.3000000119
18634  -52.926  20.333  18.217 0.3000000119
18324  -48.466  19.101  10.997 0.6000000238
19063  -43.480  12.843  23.161 0.4000000060
19026  -43.276  15.278  22.284 0.3000000119
19288  -57.556  0.605  12.887 0.2000000030
19256  -57.314  0.098  11.865 0.2000000030
19223  -57.210  -0.391  10.890 0.2000000030
19289  -58.046  1.968  13.244 0.2000000030
19224  -57.496  1.134  11.124 0.2000000030
19320  -58.426  2.474  14.309 0.2000000030
19257  -57.770  1.585  12.170 0.2000000030
19190  -57.250  0.597  10.146 0.2000000030
19155  -57.002  0.075  9.264 0.2000000030
19120  -56.956  0.863  8.545 0.2000000030
19119  -56.597  -0.356  8.422 0.1000000015
19083  -56.434  0.325  7.750 0.2000000030
19045  -55.805  -0.167  7.254 0.2000000030
19321  -58.658  3.768  14.853 0.2000000030
19290  -58.433  3.253  13.653 0.2000000030
19156  -57.337  1.452  9.369 0.2000000030
19006  -54.964  -0.622  6.978 0.1000000015
19007  -55.757  0.528  6.419 0.1000000015
18926  -53.864  -0.366  6.189 0.1000000015
18842  -52.457  0.023  5.751 0.1000000015
19291  -58.153  4.299  14.346 0.2000000030
19258  -58.167  2.810  12.529 0.2000000030
19191  -57.684  1.963  10.373 0.2000000030
19084  -56.947  1.548  7.658 0.2000000030
18967  -54.872  0.092  6.156 0.1000000015
19046  -56.467  1.061  6.890 0.2000000030
18885  -53.589  0.491  5.397 0.1000000015
19259  -58.126  3.827  13.103 0.2000000030
19226  -58.121  3.511  11.908 0.2000000030
19225  -57.960  2.435  11.400 0.2000000030
18843  -53.175  1.484  4.680 0.1000000015
18754  -50.754  0.339  5.930 0.1000000015
18799  -51.937  0.964  5.246 0.1000000015
18755  -51.145  1.805  4.708 0.1000000015
18710  -50.303  2.529  4.326 0.1000000015
19294  -54.053  3.727  16.513 0.2000000030
19263  -52.996  3.232  15.852 0.2000000030
19353  -56.302  4.975  17.723 0.2000000030
19235  -45.132  3.682  17.550 0.2000000030
19262  -54.566  3.666  15.172 0.2000000030
19201  -45.851  3.928  16.435 0.2000000030
19234  -46.787  2.971  16.850 0.2000000030
19233  -48.469  2.718  16.327 0.2000000030
19232  -50.193  2.669  15.738 0.2000000030
19231  -51.907  2.894  15.131 0.2000000030
19230  -53.524  3.266  14.518 0.2000000030
19322  -58.044  4.779  15.609 0.2000000030
19200  -47.402  3.194  15.592 0.2000000030
19199  -49.084  2.889  15.016 0.2000000030
19198  -50.860  2.906  14.355 0.2000000030
19166  -46.567  4.201  15.145 0.2000000030
19165  -48.191  3.523  14.343 0.2000000030
19164  -49.839  3.280  13.536 0.2000000030
19163  -51.398  3.294  12.891 0.2000000030
19130  -47.429  4.571  13.759 0.2000000030
19129  -48.886  3.986  12.784 0.2000000030
18927  -54.671  0.894  5.293 0.1000000015
18968  -55.651  1.325  5.442 0.1000000015
19008  -56.485  1.783  5.911 0.1000000015
18616  -48.546  2.675  5.781 0.1000000015
19323  -56.669  4.830  16.371 0.2000000030
19292  -57.065  4.644  15.045 0.2000000030
19269  -42.677  4.236  19.267 0.3000000119
19237  -42.205  5.590  19.198 0.3000000119
19236  -43.576  4.575  18.278 0.2000000030
19202  -44.447  4.901  17.288 0.2000000030
19203  -43.181  5.980  18.263 0.2000000030
19167  -45.237  5.230  16.165 0.2000000030
19260  -57.340  4.422  13.810 0.2000000030
19227  -57.602  4.263  12.556 0.2000000030
19128  -50.396  3.668  12.043 0.2000000030
19127  -51.850  3.577  11.385 0.2000000030
19093  -48.116  4.925  12.339 0.2000000030
19126  -53.375  3.767  10.778 0.2000000030
19092  -49.492  4.277  11.351 0.2000000030
19091  -50.897  3.960  10.591 0.2000000030
19090  -52.377  3.859  9.896 0.2000000030
19054  -49.959  4.567  9.973 0.3000000119
18800  -52.439  2.376  3.905 0.1000000015
18886  -54.327  1.887  4.413 0.1000000015
18568  -47.835  3.531  5.984 0.1000000015
18664  -49.508  3.242  4.331 0.1000000015
19354  -54.719  4.473  18.531 0.2000000030
19325  -53.577  3.878  17.892 0.2000000030
19324  -55.136  4.348  17.153 0.2000000030
19293  -55.570  4.257  15.808 0.2000000030
19238  -41.038  6.654  20.316 0.3000000119
19229  -54.967  3.765  13.839 0.2000000030
19261  -56.017  4.207  14.526 0.2000000030
19270  -41.143  5.236  20.117 0.3000000119
19168  -44.096  6.389  17.239 0.4000000060
19132  -45.001  6.680  16.134 0.5000000000
19195  -55.464  4.116  12.628 0.2000000030
19131  -46.106  5.502  14.934 0.5000000000
19094  -46.913  5.911  13.635 0.5000000000
18844  -53.704  2.859  3.496 0.1000000015
18711  -50.604  3.821  3.027 0.1000000015
18756  -51.538  3.155  3.300 0.1000000015
18801  -52.790  3.661  2.582 0.1000000015
18665  -49.602  4.579  3.121 0.1000000015
19382  -55.844  5.045  19.099 0.2000000030
19204  -42.103  6.990  19.395 0.4000000060
19169  -43.108  7.437  18.405 0.4000000060
19228  -56.412  4.281  13.218 0.2000000030
19095  -45.894  7.040  14.998 0.5000000000
19159  -57.194  4.441  10.588 0.2000000030
19089  -53.987  4.065  9.272 0.2000000030
19097  -44.486  9.387  17.877 0.6999999881
19133  -44.092  7.928  17.420 0.6000000238
19096  -45.094  8.246  16.408 0.6000000238
18569  -47.777  4.930  4.584 0.1000000015
18712  -50.673  5.140  1.971 0.2000000030
18314  -43.557  8.024  6.695 0.1000000015
18367  -44.219  7.337  6.072 0.1000000015
18419  -44.990  6.763  5.545 0.2000000030
18471  -45.771  7.464  3.925 0.1000000015
18368  -44.221  8.654  5.027 0.1000000015
18420  -44.948  8.027  4.393 0.1000000015
11216  -40.805  12.456  6.785 0.1000000015
11183  -41.026  11.265  7.620 0.1000000015
18472  -45.784  8.847  2.908 0.1000000015
11217  -39.986  13.232  7.353 0.1000000015
11249  -40.288  14.589  6.987 0.2000000030
11248  -40.902  13.772  6.251 0.2000000030
18523  -46.920  9.594  1.726 0.3000000119
18269  -46.816  18.805  10.445 0.6000000238
10118  -45.407  18.348  9.804 0.6000000238
11280  -41.183  15.646  7.434 0.2000000030
11279  -41.690  14.892  6.602 0.2000000030
18325  -49.456  20.188  10.561 0.3000000119
18326  -50.499  20.900  9.998 0.2000000030
18270  -47.900  20.016  9.996 0.2000000030
18271  -48.867  20.756  9.326 0.2000000030
10117  -46.307  19.620  9.525 0.4000000060
10116  -47.310  20.448  8.811 0.4000000060
19194  -56.809  4.455  11.982 0.2000000030
18617  -48.671  4.055  4.472 0.1000000015
11310  -42.143  16.527  8.181 0.4000000060
18966  -54.010  -1.139  7.017 0.1000000015
11184  -40.171  11.916  8.234 0.1000000015
19300  -43.476  3.208  19.738 0.2000000030
19301  -41.637  3.926  20.274 0.2000000030
19418  -39.604  2.338  23.772 0.2000000030
19391  -38.628  3.328  23.151 0.2000000030
19390  -40.821  2.377  22.781 0.2000000030
19361  -41.775  2.670  21.839 0.2000000030
19332  -40.666  3.679  21.243 0.2000000030
19446  -36.375  3.191  25.103 0.2000000030
19420  -35.715  4.640  24.702 0.2000000030
19419  -37.480  3.250  24.136 0.2000000030
19392  -36.844  4.614  23.772 0.2000000030
19362  -39.696  3.442  22.175 0.2000000030
19363  -37.916  4.665  22.830 0.2000000030
19333  -38.981  4.770  21.860 0.2000000030
19302  -40.040  4.954  20.989 0.2000000030
19497  -34.595  3.277  27.266 0.1000000015
19473  -33.979  4.774  26.732 0.1000000015
19447  -34.755  4.672  25.666 0.1000000015
30724  -39.060  12.206  37.287 0.1000000015
19545  -33.370  5.686  30.358 0.1000000015
19522  -33.277  5.292  29.192 0.1000000015
19498  -33.436  5.032  27.956 0.1000000015
19421  -34.397  6.303  25.373 0.2000000030
19393  -35.397  6.215  24.458 0.2000000030
19334  -37.539  6.126  22.756 0.3000000119
19303  -38.709  6.144  21.934 0.3000000119
19271  -39.883  6.291  21.130 0.4000000060
19134  -43.426  8.834  18.864 0.5000000000
30704  -40.813  13.737  39.174 0.1000000015
30705  -41.503  13.799  40.398 0.1000000015
30723  -38.370  11.982  36.149 0.1000000015
30703  -40.075  13.494  37.983 0.1000000015
30742  -36.482  10.448  34.550 0.1000000015
30743  -37.326  10.610  35.506 0.1000000015
18204  -35.579  10.399  33.656 0.1000000015
18203  -35.444  8.875  33.971 0.1000000015
19568  -33.960  8.088  32.188 0.1000000015
19589  -34.668  8.517  33.087 0.1000000015
19567  -33.731  6.009  31.442 0.1000000015
19546  -33.444  7.661  31.169 0.1000000015
19523  -33.043  7.291  29.992 0.1000000015
19499  -32.932  6.955  28.759 0.1000000015
19448  -33.611  6.412  26.380 0.1000000015
19364  -36.462  6.120  23.598 0.2000000030
19335  -36.280  7.665  23.586 0.2000000030
19304  -37.412  7.571  22.890 0.3000000119
19272  -38.702  7.541  22.234 0.3000000119
19239  -39.977  7.700  21.530 0.4000000060
19205  -41.213  8.014  20.698 0.5000000000
19170  -42.347  8.380  19.794 0.5000000000
19135  -42.862  9.542  20.443 0.5000000000
30682  -41.800  15.066  39.959 0.1000000015
30681  -41.092  14.863  38.715 0.1000000015
30722  -37.548  12.057  35.173 0.1000000015
30702  -39.315  13.369  36.865 0.1000000015
19569  -34.717  10.044  32.866 0.1000000015
19547  -33.963  9.610  31.918 0.1000000015
19524  -33.396  9.260  30.840 0.1000000015
19500  -32.999  8.873  29.659 0.1000000015
19474  -33.104  6.660  27.548 0.1000000015
19394  -34.311  8.011  25.134 0.2000000030
19365  -35.208  7.842  24.332 0.2000000030
19273  -37.513  9.128  23.082 0.3000000119
19206  -40.228  8.986  21.900 0.5000000000
19171  -41.566  9.215  21.151 0.5000000000
30701  -38.507  13.418  35.852 0.1000000015
30721  -36.616  12.064  34.254 0.1000000015
30700  -37.668  13.529  34.960 0.1000000015
18205  -35.715  12.005  33.336 0.1000000015
19548  -34.930  11.684  32.444 0.1000000015
30699  -36.812  13.639  33.925 0.1000000015
18206  -36.018  13.511  32.921 0.1000000015
19525  -34.213  11.161  31.460 0.1000000015
19501  -33.605  10.837  30.452 0.1000000015
19475  -32.877  8.565  28.411 0.1000000015
19476  -33.186  10.516  29.330 0.1000000015
19449  -33.075  8.333  27.208 0.1000000015
19422  -33.609  8.113  26.084 0.1000000015
19305  -36.348  9.367  23.644 0.2000000030
19274  -36.511  10.975  23.623 0.3000000119
19240  -38.878  9.017  22.494 0.5000000000
19207  -39.223  10.441  22.832 0.5000000000
30677  -37.986  15.035  34.630 0.1000000015
30676  -37.272  15.002  33.491 0.1000000015
19526  -35.356  13.068  31.939 0.1000000015
18207  -36.620  14.716  32.437 0.1000000015
19502  -34.685  12.610  30.995 0.1000000015
19450  -33.060  10.252  28.096 0.1000000015
19423  -33.270  10.085  26.967 0.2000000030
19395  -33.700  9.886  25.928 0.2000000030
19366  -34.378  9.693  25.022 0.2000000030
19336  -35.267  9.478  24.255 0.2000000030
19241  -37.791  10.696  23.261 0.3000000119
19173  -39.658  11.962  23.049 0.5000000000
19172  -40.650  10.318  22.334 0.5000000000
19100  -42.803  11.555  22.545 0.6000000238
19136  -42.095  10.351  21.842 0.6000000238
19099  -43.562  10.558  21.268 0.5000000000
30652  -38.014  16.056  33.030 0.1000000015
19503  -35.937  14.256  31.511 0.1000000015
19451  -33.570  12.132  28.967 0.1000000015
19477  -34.038  12.329  30.039 0.1000000015
30725  -39.792  12.491  38.442 0.1000000015
19521  -34.080  3.483  28.459 0.1000000015
30653  -38.615  16.265  34.133 0.1000000015
19413  -50.209  2.964  22.122 0.1000000015
19414  -48.302  2.417  22.383 0.1000000015
19387  -47.089  2.342  21.798 0.1000000015
19386  -48.955  2.754  21.401 0.1000000015
19388  -45.112  2.083  22.097 0.1000000015
19358  -47.753  2.528  20.737 0.1000000015
19360  -43.812  2.305  21.490 0.1000000015
19359  -45.807  2.300  21.134 0.1000000015
19357  -49.592  2.931  20.290 0.1000000015
19389  -43.047  2.036  22.555 0.1000000015
19329  -46.465  2.457  19.976 0.1000000015
19328  -48.365  2.593  19.556 0.1000000015
19331  -42.589  2.955  20.799 0.1000000015
19330  -44.566  2.566  20.420 0.1000000015
19299  -45.256  2.754  19.293 0.1000000015
19298  -47.160  2.544  18.772 0.1000000015
19297  -48.975  2.636  18.355 0.1000000015
19296  -50.710  2.887  17.838 0.1000000015
19268  -44.293  3.464  18.657 0.1000000015
19267  -46.019  2.893  18.060 0.1000000015
19266  -47.834  2.625  17.547 0.1000000015
19265  -49.563  2.631  17.050 0.1000000015
19415  -46.325  2.068  22.763 0.1000000015
19385  -50.826  3.315  21.035 0.1000000015
19327  -50.180  2.938  19.103 0.1000000015
19264  -51.290  2.869  16.479 0.1000000015
19440  -49.502  2.649  23.050 0.1000000015
19439  -51.429  3.236  22.676 0.1000000015
19441  -47.443  2.217  23.363 0.1000000015
19416  -44.249  1.826  23.217 0.1000000015
19442  -45.377  1.906  23.819 0.1000000015
19412  -52.062  3.557  21.660 0.1000000015
19417  -41.964  1.836  23.569 0.1000000015
19356  -51.379  3.413  19.841 0.1000000015
19326  -51.882  3.378  18.574 0.1000000015
19253  -58.368  -4.529  9.938 0.1000000015
19511  -54.704  4.907  24.728 0.1000000015
19466  -48.579  2.481  24.061 0.1000000015
19465  -50.627  3.004  23.708 0.1000000015
19464  -52.535  3.657  23.229 0.1000000015
19438  -53.202  3.942  22.125 0.1000000015
19443  -43.103  1.737  24.228 0.1000000015
19384  -52.575  3.857  20.576 0.1000000015
19295  -52.402  3.298  17.224 0.1000000015
19286  -57.612  -2.848  11.617 0.1000000015
19221  -57.758  -3.535  9.804 0.1000000015
19187  -57.556  -3.825  9.109 0.1000000015
18154  -52.300  -5.329  33.916 0.1000000015
18146  -52.472  -4.824  32.942 0.1000000015
18147  -54.353  -3.716  33.363 0.1000000015
18138  -54.525  -3.226  32.399 0.1000000015
16599  -56.130  -1.852  31.449 0.1000000015
19702  -57.247  -0.657  31.826 0.1000000015
19689  -57.352  -0.585  30.514 0.1000000015
19676  -57.834  0.973  30.883 0.1000000015
19662  -57.820  2.513  30.989 0.1000000015
19646  -58.070  2.706  29.735 0.1000000015
19630  -57.652  4.032  29.562 0.1000000015
19612  -57.841  4.191  28.319 0.1000000015
19668  -47.159  -0.896  31.410 0.1000000015
19613  -56.655  5.013  29.321 0.1000000015
19652  -47.985  -0.052  30.589 0.1000000015
19514  -48.752  2.721  25.731 0.1000000015
19490  -49.690  2.846  24.753 0.1000000015
19513  -50.751  3.334  25.419 0.1000000015
19512  -52.724  4.088  25.099 0.1000000015
19489  -51.687  3.456  24.354 0.1000000015
19488  -53.602  4.234  23.885 0.1000000015
19462  -56.040  5.309  22.037 0.1000000015
19492  -45.441  2.090  25.360 0.1000000015
19491  -47.650  2.360  25.026 0.1000000015
19468  -44.291  1.872  24.752 0.1000000015
19467  -46.545  2.101  24.402 0.1000000015
19411  -53.812  4.289  21.069 0.1000000015
19460  -58.710  5.112  20.687 0.1000000015
19444  -40.744  1.848  24.469 0.1000000015
19383  -54.299  4.518  19.939 0.1000000015
19458  -59.247  2.178  19.106 0.1000000015
19432  -59.092  1.605  17.771 0.1000000015
19355  -53.097  3.949  19.244 0.1000000015
19405  -58.747  1.106  16.525 0.1000000015
19377  -58.328  0.565  15.413 0.1000000015
19287  -57.329  -1.095  12.414 0.1000000015
19255  -57.355  -1.649  11.403 0.1000000015
19254  -57.742  -3.208  10.659 0.1000000015
19766  -54.950  -3.470  39.465 0.1000000015
19770  -55.149  -4.527  39.574 0.1000000015
16592  -54.759  -5.204  38.350 0.1000000015
19754  -54.002  -2.304  37.954 0.1000000015
18168  -53.633  -5.332  36.161 0.1000000015
19747  -52.532  -2.084  37.152 0.1000000015
19738  -52.790  -1.568  36.097 0.1000000015
18155  -54.119  -4.214  34.231 0.1000000015
19718  -52.029  -0.678  34.402 0.1000000015
19707  -50.771  -0.522  33.649 0.1000000015
16598  -56.101  -2.153  32.670 0.1000000015
19690  -57.633  0.733  32.123 0.1000000015
19695  -49.595  -0.517  32.967 0.1000000015
19682  -48.419  -0.682  32.185 0.1000000015
19667  -49.363  0.198  31.412 0.1000000015
19594  -57.099  5.220  28.067 0.1000000015
19595  -55.407  5.441  28.695 0.1000000015
19636  -46.428  -0.284  29.890 0.1000000015
19618  -46.978  0.693  29.317 0.1000000015
19515  -46.599  2.373  26.032 0.1000000015
19469  -41.914  1.760  25.114 0.1000000015
19434  -59.018  4.692  19.335 0.1000000015
19433  -59.357  3.249  18.580 0.1000000015
19406  -59.165  2.671  17.270 0.1000000015
19378  -58.804  2.119  16.053 0.1000000015
19349  -58.327  1.499  14.935 0.1000000015
19348  -57.824  0.074  14.387 0.1000000015
19319  -57.855  1.046  13.900 0.1000000015
19318  -57.454  -0.499  13.377 0.1000000015
19222  -57.319  -2.096  10.517 0.1000000015
19082  -55.973  -0.912  7.820 0.1000000015
19154  -56.774  -1.339  9.103 0.1000000015
19188  -57.199  -2.490  9.627 0.1000000015
19760  -55.137  -2.966  38.469 0.1000000015
19765  -55.489  -4.100  38.599 0.1000000015
16593  -55.013  -4.755  37.323 0.1000000015
19746  -54.262  -1.830  37.043 0.1000000015
18162  -53.865  -4.766  35.182 0.1000000015
19728  -53.345  -0.868  35.297 0.1000000015
16597  -55.937  -2.591  33.676 0.1000000015
19714  -57.050  -0.996  33.004 0.1000000015
19681  -50.586  0.319  32.231 0.1000000015
19647  -57.334  3.752  30.874 0.1000000015
19631  -56.302  4.608  30.428 0.1000000015
19536  -49.819  3.231  26.429 0.1000000015
19535  -51.841  3.977  26.216 0.1000000015
19534  -53.809  4.806  25.957 0.1000000015
19651  -50.158  1.148  30.650 0.1000000015
19556  -52.916  4.604  27.099 0.1000000015
19635  -48.602  0.917  29.920 0.1000000015
19557  -50.912  3.760  27.188 0.1000000015
19600  -45.403  0.562  28.873 0.1000000015
19619  -44.828  -0.425  29.352 0.1000000015
19539  -43.235  1.502  27.387 0.1000000015
19560  -44.572  1.504  27.969 0.1000000015
19581  -43.942  0.531  28.500 0.1000000015
19537  -47.739  2.689  26.664 0.1000000015
19516  -44.260  2.023  26.381 0.1000000015
19470  -39.594  1.748  25.369 0.1000000015
19494  -40.810  1.588  26.016 0.1000000015
19493  -43.060  1.887  25.734 0.1000000015
19445  -38.424  2.241  24.675 0.1000000015
19410  -55.418  4.992  20.292 0.1000000015
19407  -59.127  4.160  17.951 0.1000000015
19379  -59.035  3.635  16.646 0.1000000015
19350  -58.764  2.979  15.454 0.1000000015
19189  -57.086  -0.935  9.969 0.1000000015
19759  -55.767  -3.577  37.684 0.1000000015
16594  -55.283  -4.226  36.418 0.1000000015
19753  -55.402  -2.523  37.609 0.1000000015
19745  -55.710  -1.881  36.800 0.1000000015
16595  -55.530  -3.640  35.530 0.1000000015
19737  -54.623  -1.213  36.247 0.1000000015
16596  -55.791  -3.088  34.619 0.1000000015
19725  -56.838  -1.465  34.127 0.1000000015
19717  -54.003  -0.026  34.792 0.1000000015
19706  -52.798  0.219  33.923 0.1000000015
19703  -57.286  0.371  33.309 0.1000000015
19694  -51.676  0.339  33.025 0.1000000015
19677  -57.484  2.171  32.261 0.1000000015
19666  -51.514  1.276  31.564 0.1000000015
19577  -52.142  4.328  28.053 0.1000000015
19576  -54.107  5.211  27.917 0.1000000015
19634  -50.719  2.106  30.049 0.1000000015
19580  -45.937  1.588  28.442 0.1000000015
19599  -47.462  1.684  28.903 0.1000000015
19558  -48.905  3.079  27.380 0.1000000015
19578  -50.100  3.498  28.113 0.1000000015
19559  -46.709  2.424  27.694 0.1000000015
19517  -41.955  1.550  26.669 0.1000000015
19538  -45.452  2.211  27.056 0.1000000015
19408  -58.293  5.211  18.732 0.1000000015
19380  -58.556  4.854  17.323 0.1000000015
19752  -56.028  -3.016  36.800 0.1000000015
19744  -56.347  -2.418  35.981 0.1000000015
19735  -56.610  -1.922  35.106 0.1000000015
19727  -55.165  -0.468  35.602 0.1000000015
19715  -56.964  -0.123  34.373 0.1000000015
19691  -57.007  1.649  33.294 0.1000000015
19680  -52.653  1.316  32.471 0.1000000015
19614  -54.956  4.949  29.757 0.1000000015
19650  -52.235  2.290  30.946 0.1000000015
19596  -53.496  4.819  28.933 0.1000000015
19617  -49.078  1.907  29.393 0.1000000015
19597  -51.473  3.836  28.876 0.1000000015
19579  -48.033  2.602  28.316 0.1000000015
19409  -56.905  5.416  19.524 0.1000000015
19381  -57.330  5.286  18.219 0.1000000015
19352  -57.747  5.123  16.890 0.1000000015
19351  -58.696  4.420  16.052 0.1000000015
19736  -56.109  -1.231  36.040 0.1000000015
19726  -56.538  -0.672  35.250 0.1000000015
19704  -56.463  1.072  34.251 0.1000000015
19716  -55.822  0.322  34.947 0.1000000015
19705  -54.832  0.937  34.317 0.1000000015
19692  -55.629  1.885  33.733 0.1000000015
19678  -56.295  2.601  32.974 0.1000000015
19663  -56.902  3.287  32.002 0.1000000015
19693  -53.770  1.231  33.435 0.1000000015
19648  -55.926  4.016  31.391 0.1000000015
19679  -54.610  2.285  32.883 0.1000000015
19665  -53.522  2.355  31.934 0.1000000015
19615  -53.077  4.143  29.692 0.1000000015
19616  -51.072  3.059  29.516 0.1000000015
19598  -49.488  2.811  28.842 0.1000000015
19367  -33.842  11.547  25.677 0.1000000015
19337  -34.518  11.374  24.813 0.1000000015
19306  -35.402  11.182  24.104 0.1000000015
19275  -35.652  12.666  23.795 0.2000000030
19242  -36.826  12.497  23.423 0.2000000030
19208  -38.189  12.193  23.226 0.3000000119
19137  -41.196  11.707  22.813 0.4000000060
18366  -44.225  6.038  7.130 0.1000000015
19664  -55.391  3.191  32.185 0.1000000015
19649  -54.183  3.386  31.290 0.1000000015
19632  -54.548  4.253  30.640 0.1000000015
19633  -52.699  3.291  30.361 0.1000000015
19138  -40.232  13.363  22.968 0.3000000119
19101  -41.805  13.102  23.067 0.3000000119
19064  -42.519  14.342  22.893 0.3000000119
11393  -44.956  19.194  9.088 0.5000000000
19463  -54.326  4.477  22.683 0.1000000015
19575  -56.002  5.698  27.577 0.1000000015
19555  -54.910  5.454  26.825 0.1000000015
19486  -57.147  5.694  22.773 0.1000000015
19437  -54.924  4.784  21.463 0.1000000015
19435  -57.876  5.437  20.049 0.1000000015
19461  -57.528  5.653  21.344 0.1000000015
19436  -56.481  5.417  20.778 0.1000000015
19396  -33.498  11.821  26.642 0.1000000015
19510  -56.542  5.655  24.196 0.1000000015
19533  -55.762  5.550  25.523 0.1000000015
19285  -58.245  -4.273  10.763 0.1000000015
19487  -55.442  5.096  23.392 0.1000000015
19459  -59.331  3.806  19.917 0.1000000015
11281  -40.752  16.465  8.122 0.2000000030
11311  -41.686  17.505  8.625 0.2000000030
11340  -42.457  18.637  8.790 0.2000000030
11419  -45.787  20.164  8.508 0.3000000119
18380  -52.203  20.832  10.999 0.2000000030
11312  -41.111  18.486  9.198 0.1000000015
19027  -42.404  16.368  21.194 0.1000000015
18988  -43.062  17.394  20.456 0.1000000015
19028  -41.338  17.744  20.648 0.1000000015
11367  -43.738  18.841  8.767 0.3000000119
18948  -43.605  18.446  19.874 0.1000000015
19067  -39.676  18.148  21.111 0.1000000015
19066  -40.675  16.738  21.188 0.1000000015
11394  -44.458  19.926  8.442 0.1000000015
11282  -40.300  17.382  8.901 0.1000000015
11250  -39.812  15.448  7.728 0.1000000015
11251  -39.410  16.290  8.572 0.1000000015
18820  -47.283  19.506  19.086 0.1000000015
18989  -41.866  18.669  20.189 0.1000000015
10115  -48.226  21.060  8.133 0.1000000015
10114  -49.256  21.691  7.640 0.2000000030
11420  -45.135  20.995  8.028 0.1000000015
11444  -46.659  20.970  7.892 0.1000000015
18273  -50.970  21.838  8.227 0.1000000015
11468  -47.632  21.765  7.539 0.1000000015
11368  -43.177  19.854  8.657 0.1000000015
10113  -50.284  22.315  7.227 0.1000000015
18274  -51.917  22.482  7.792 0.1000000015
11395  -43.883  21.000  8.389 0.1000000015
18907  -44.134  19.589  19.636 0.1000000015
18864  -45.708  19.482  19.338 0.1000000015
18381  -53.094  21.532  10.818 0.1000000015
18327  -51.592  21.503  9.543 0.1000000015
18382  -53.623  22.387  10.695 0.1000000015
18272  -49.857  21.363  8.688 0.1000000015
18329  -53.129  22.775  8.899 0.1000000015
11445  -46.137  21.967  7.747 0.1000000015
11491  -48.626  22.487  7.218 0.1000000015
10112  -51.175  23.049  6.875 0.1000000015
18275  -52.542  23.233  7.402 0.1000000015
18434  -54.017  21.755  12.506 0.1000000015
18383  -53.614  23.337  10.490 0.1000000015
11421  -44.746  22.050  8.097 0.1000000015
18586  -53.315  21.480  17.094 0.2000000030
18776  -47.699  20.833  18.450 0.1000000015
18486  -54.056  22.142  14.284 0.1000000015
18435  -53.910  22.800  12.406 0.1000000015
18436  -53.376  23.846  12.156 0.1000000015
18730  -49.182  21.063  18.182 0.1000000015
18487  -53.519  23.249  14.037 0.1000000015
18489  -51.417  24.886  12.859 0.1000000015
18437  -52.431  24.763  11.663 0.1000000015
18683  -50.638  21.363  17.940 0.2000000030
18636  -50.974  22.658  17.199 0.1000000015
18684  -49.642  22.496  17.789 0.1000000015
18537  -53.502  22.528  15.739 0.1000000015
18731  -48.168  22.253  18.291 0.1000000015
18538  -52.644  23.569  15.213 0.1000000015
18488  -52.593  24.216  13.530 0.1000000015
18542  -47.116  25.662  12.134 0.1000000015
18541  -48.768  25.149  12.976 0.1000000015
18490  -50.027  25.366  12.154 0.1000000015
18491  -48.555  25.928  11.423 0.1000000015
18587  -52.431  22.696  16.660 0.1000000015
18588  -51.460  23.698  16.035 0.1000000015
18777  -46.663  22.036  18.743 0.1000000015
18539  -51.541  24.380  14.644 0.1000000015
18540  -50.255  24.829  13.871 0.1000000015
18637  -50.020  23.602  16.856 0.1000000015
18778  -45.581  22.976  18.690 0.1000000015
18732  -47.039  23.265  18.270 0.1000000015
18685  -48.533  23.443  17.591 0.1000000015
18589  -50.304  24.327  15.535 0.1000000015
18590  -48.949  24.568  14.702 0.1000000015
18823  -44.105  22.801  19.025 0.1000000015
18867  -42.690  22.791  19.279 0.1000000015
18638  -48.895  24.135  16.274 0.1000000015
18686  -47.354  24.042  16.957 0.1000000015
18779  -44.385  23.724  18.133 0.1000000015
18733  -45.795  23.880  17.612 0.1000000015
18825  -41.782  24.582  18.194 0.1000000015
18780  -43.064  24.464  17.619 0.1000000015
18824  -43.005  23.664  18.521 0.1000000015
18734  -44.366  24.421  16.935 0.1000000015
18687  -45.793  24.395  16.128 0.1000000015
18328  -52.514  22.097  9.200 0.1000000015
18330  -53.219  23.750  8.589 0.1000000015
18384  -53.139  24.338  10.201 0.1000000015
19102  -40.957  14.492  22.583 0.2000000030
19065  -41.690  15.374  21.880 0.2000000030
19174  -38.774  13.635  22.978 0.1000000015
19276  -35.035  14.489  23.994 0.1000000015
19243  -36.082  14.248  23.418 0.1000000015
19209  -37.378  13.931  23.109 0.1000000015
19139  -39.385  14.805  22.429 0.1000000015
19176  -37.047  16.615  22.502 0.1000000015
19210  -36.568  15.518  22.980 0.1000000015
19175  -37.933  15.129  22.630 0.1000000015
19140  -38.435  16.077  21.999 0.1000000015
19103  -40.023  15.681  21.805 0.1000000015
19307  -34.718  12.953  24.391 0.1000000015
19141  -37.613  17.616  22.078 0.1000000015
19244  -35.508  15.809  23.581 0.1000000015
