#!ascii label  , from subject 32k_fs_LR vox2ras=TkReg
1763
23915  -8.569  -101.440  3.630 0.4000000060
23874  -8.866  -101.986  4.605 0.5000000000
23873  -9.920  -102.047  2.631 0.6999999881
23831  -10.437  -102.150  3.677 0.8000000119
23830  -11.848  -102.474  2.135 0.8000000119
23740  -17.286  -100.912  0.496 0.8000000119
23784  -17.190  -101.156  -0.759 0.8000000119
23828  -15.252  -101.835  -0.734 0.8000000119
23827  -17.277  -101.642  -2.159 0.5000000000
23154  -7.798  -101.218  5.627 0.3000000119
23787  -12.426  -102.189  3.129 0.8000000119
23742  -14.576  -102.026  2.799 0.8000000119
23786  -13.882  -102.355  1.843 0.8000000119
23695  -17.706  -100.897  1.570 0.8999999762
23694  -18.973  -100.152  0.489 0.8000000119
23739  -18.734  -100.328  -0.690 0.8000000119
23783  -18.866  -100.842  -2.066 0.6999999881
23826  -18.986  -101.110  -3.542 0.4000000060
23869  -17.456  -101.776  -3.649 0.4000000060
24776  -6.979  -100.032  6.924 0.3000000119
24775  -7.459  -99.444  5.978 0.2000000030
23155  -7.839  -100.540  4.814 0.3000000119
23743  -13.139  -101.710  3.995 0.8999999762
23785  -15.351  -101.783  0.546 0.8000000119
23693  -20.298  -99.463  -0.715 0.8000000119
23782  -20.344  -100.243  -3.331 0.6999999881
23825  -20.450  -100.306  -4.857 0.5000000000
23910  -17.533  -101.365  -5.192 0.4000000060
23868  -18.992  -100.882  -5.068 0.4000000060
24777  -7.288  -100.445  7.569 0.6000000238
23153  -8.143  -101.623  6.486 0.8000000119
23832  -9.503  -102.095  5.522 0.8000000119
24830  -6.526  -98.898  7.539 0.3000000119
23788  -11.003  -101.904  4.654 0.8000000119
23698  -13.817  -101.128  4.941 0.8999999762
23697  -15.194  -101.397  3.735 0.8999999762
23696  -16.555  -101.512  2.596 0.8999999762
23741  -15.902  -101.824  1.647 0.8000000119
23647  -20.689  -99.508  0.287 1.0000000000
23738  -20.191  -99.853  -1.881 0.8000000119
23736  -23.002  -98.536  -4.944 0.6999999881
23781  -21.701  -99.366  -4.827 0.6000000238
23780  -23.060  -98.941  -6.628 0.5000000000
23824  -21.830  -99.603  -6.530 0.6000000238
23909  -18.893  -100.126  -6.673 0.3000000119
23867  -20.423  -99.958  -6.538 0.4000000060
24831  -6.445  -99.333  8.514 0.4000000060
24883  -6.220  -97.691  8.018 0.2000000030
23651  -15.599  -100.614  4.546 0.6999999881
23650  -16.941  -100.808  3.411 0.6999999881
23649  -18.032  -100.632  2.414 0.8000000119
23692  -21.443  -98.824  -1.911 0.6999999881
23737  -21.433  -99.101  -3.292 0.6999999881
23823  -22.662  -99.100  -8.477 0.5000000000
23865  -22.046  -99.027  -10.438 0.4000000060
23789  -10.336  -101.834  6.457 0.8000000119
23744  -11.895  -101.564  5.669 0.8999999762
23646  -21.819  -98.796  -0.781 0.5000000000
23691  -22.965  -98.353  -3.298 0.6999999881
23735  -24.387  -98.308  -6.419 0.6000000238
23779  -23.744  -98.415  -8.221 0.6000000238
23906  -21.487  -99.141  -12.414 0.5000000000
24884  -5.848  -98.275  9.080 0.5000000000
24935  -5.913  -95.857  8.838 0.1000000015
24987  -4.995  -94.980  10.736 0.5000000000
24986  -5.565  -94.382  9.561 0.1000000015
23600  -20.978  -99.505  1.134 0.6999999881
23598  -23.489  -98.337  -0.623 0.5000000000
23645  -23.202  -98.247  -1.855 0.6000000238
23690  -24.585  -98.148  -4.551 0.6999999881
23644  -24.615  -98.023  -2.980 0.6999999881
24325  -10.500  -93.619  -10.264 0.6999999881
23822  -22.902  -98.177  -10.132 0.6999999881
24295  -11.605  -93.729  -10.593 0.6999999881
24296  -10.459  -94.466  -10.912 0.6999999881
23864  -22.458  -98.358  -12.215 0.5000000000
24266  -10.643  -95.513  -11.157 0.4000000060
23946  -20.833  -99.174  -14.121 0.5000000000
23905  -22.310  -98.611  -14.091 0.3000000119
24832  -7.132  -99.289  9.087 0.8000000119
24885  -6.249  -98.286  10.174 0.8000000119
24938  -6.475  -96.514  11.513 0.8999999762
24937  -5.452  -96.967  11.030 0.8999999762
24936  -5.228  -96.633  9.807 0.2000000030
24988  -4.857  -95.519  11.987 0.6999999881
23599  -22.287  -98.874  0.175 0.6000000238
23597  -24.728  -97.827  -1.569 0.6999999881
24265  -11.444  -94.729  -11.523 0.5000000000
24235  -11.293  -96.419  -11.372 0.4000000060
23985  -20.226  -98.823  -15.378 0.6000000238
24234  -11.760  -95.718  -12.216 0.5000000000
24886  -7.317  -97.687  10.218 0.8999999762
24989  -5.646  -95.301  12.707 0.8000000119
25039  -4.880  -93.938  14.002 0.8999999762
25038  -4.352  -93.946  12.844 0.8000000119
23549  -24.769  -97.274  -0.407 0.6999999881
24353  -10.385  -92.865  -9.691 0.8000000119
24324  -11.820  -92.897  -9.600 0.8999999762
23984  -21.209  -97.705  -16.178 0.6000000238
24023  -19.351  -98.115  -15.990 0.8000000119
24060  -18.307  -97.296  -15.783 0.6999999881
24778  -8.074  -100.595  8.144 0.8000000119
24939  -7.893  -95.724  11.238 1.0000000000
24990  -6.793  -94.537  12.776 0.8999999762
24940  -9.396  -94.939  10.884 0.8999999762
23550  -23.797  -98.049  0.428 0.6999999881
23548  -25.889  -96.674  -1.286 0.5000000000
24352  -11.702  -92.021  -8.817 0.8999999762
24294  -13.034  -92.947  -9.752 0.8999999762
24022  -20.229  -96.733  -16.166 0.8999999762
24021  -21.193  -94.847  -15.550 0.8999999762
24097  -16.556  -97.189  -14.874 0.6999999881
24059  -19.624  -95.941  -15.283 0.8999999762
24833  -8.242  -98.965  9.073 0.8999999762
24834  -9.548  -98.617  9.133 0.8000000119
24836  -12.041  -98.099  11.220 0.8000000119
24887  -8.787  -97.014  9.846 0.8999999762
24888  -10.367  -96.595  9.973 0.8000000119
24835  -10.936  -98.355  9.842 0.8000000119
25089  -5.107  -92.442  15.779 0.8999999762
25088  -4.066  -92.462  15.084 1.0000000000
25040  -5.919  -93.563  14.330 1.0000000000
24991  -8.186  -93.657  12.408 0.8999999762
25087  -3.606  -92.334  13.542 0.8999999762
23499  -25.303  -95.716  -0.486 0.5000000000
24323  -13.203  -92.172  -8.607 0.8999999762
24380  -10.348  -91.802  -9.289 0.8999999762
24381  -9.146  -92.769  -9.957 0.8000000119
24382  -8.148  -93.454  -10.133 0.8000000119
24264  -12.691  -93.793  -11.147 0.6999999881
24233  -12.688  -94.816  -12.296 0.6999999881
24202  -12.360  -96.631  -12.624 0.3000000119
25137  -4.517  -90.794  16.838 0.8999999762
24889  -11.757  -96.259  10.889 0.8000000119
24941  -10.931  -94.306  11.204 0.8000000119
23498  -26.540  -95.142  -1.278 0.5000000000
24408  -8.149  -92.481  -10.553 0.6000000238
24201  -13.104  -95.847  -13.059 0.4000000060
24096  -17.794  -96.614  -14.632 0.8000000119
24890  -12.589  -95.955  12.320 0.8000000119
25136  -3.623  -90.718  15.800 1.0000000000
25090  -6.426  -91.989  15.823 0.8999999762
24942  -11.953  -93.905  12.209 0.8000000119
25041  -7.216  -92.855  14.126 0.8999999762
24943  -12.450  -93.827  13.769 0.6999999881
24992  -9.789  -92.865  12.325 0.8000000119
23448  -25.749  -94.034  -0.683 0.4000000060
24434  -6.978  -91.806  -11.047 0.6999999881
24322  -14.758  -91.333  -7.805 1.0000000000
24293  -14.505  -92.327  -8.732 1.0000000000
23447  -27.062  -93.417  -1.289 0.4000000060
24132  -16.107  -96.456  -13.875 0.6999999881
24168  -13.744  -96.684  -13.649 0.4000000060
24133  -15.154  -96.840  -14.198 0.5000000000
24134  -14.550  -97.242  -13.748 0.2000000030
24095  -19.528  -95.448  -13.858 0.8999999762
24058  -21.075  -94.202  -14.371 0.8000000119
25091  -7.930  -91.256  15.588 0.8999999762
25135  -3.391  -90.484  13.904 0.8999999762
25042  -8.799  -91.989  13.933 0.8000000119
24993  -11.251  -92.296  12.961 0.8000000119
24433  -8.329  -91.139  -11.129 0.6999999881
24351  -13.393  -91.116  -7.912 1.0000000000
24263  -14.195  -93.083  -10.190 0.8000000119
24165  -17.562  -95.308  -11.520 0.8999999762
24166  -15.832  -95.690  -12.623 0.8999999762
24131  -17.641  -96.148  -13.063 0.8999999762
24200  -14.183  -95.185  -12.599 0.6000000238
24167  -14.661  -96.032  -13.615 0.5000000000
25138  -5.740  -90.566  17.013 0.8999999762
25183  -3.769  -88.808  16.045 1.0000000000
25182  -3.781  -88.568  14.296 0.8999999762
25181  -3.578  -88.127  12.622 0.6999999881
23395  -27.540  -91.642  -1.313 0.2000000030
24407  -9.263  -91.440  -9.998 0.8000000119
24379  -12.046  -90.764  -8.412 1.0000000000
24350  -15.263  -89.873  -7.292 0.8999999762
24232  -14.040  -94.100  -11.490 0.6999999881
24199  -15.574  -94.744  -11.444 0.8999999762
25184  -4.268  -89.090  17.342 1.0000000000
25139  -7.070  -90.056  16.884 0.8000000119
25229  -4.336  -87.050  16.349 0.8999999762
25228  -4.414  -86.679  14.755 0.8999999762
25043  -10.408  -91.338  14.370 0.6999999881
24994  -12.107  -92.310  14.430 0.6999999881
24321  -16.620  -90.116  -7.146 0.8000000119
24432  -9.846  -89.902  -10.429 0.8000000119
24378  -13.897  -89.512  -7.772 0.8000000119
24292  -16.088  -91.527  -7.837 1.0000000000
24291  -18.233  -90.194  -7.469 0.8000000119
24164  -19.568  -93.920  -10.820 0.8999999762
24262  -15.747  -92.458  -8.983 0.8999999762
24261  -17.672  -91.538  -8.342 0.8999999762
24198  -17.395  -94.203  -10.259 0.8999999762
25186  -6.498  -88.608  17.648 0.8000000119
25185  -5.391  -89.018  17.653 0.8000000119
25140  -8.523  -89.457  17.148 0.8000000119
24431  -11.670  -88.889  -9.725 0.8999999762
24457  -8.755  -89.910  -11.624 1.0000000000
23394  -28.343  -91.135  -2.425 0.2000000030
24377  -15.905  -88.236  -7.710 0.6999999881
24349  -17.146  -88.405  -7.212 0.6000000238
24320  -18.670  -88.591  -7.105 0.6000000238
24406  -10.874  -90.284  -9.176 0.8999999762
24405  -12.806  -89.154  -8.644 0.8999999762
24163  -21.377  -91.722  -10.762 0.8000000119
24231  -15.527  -93.646  -10.280 0.8999999762
24197  -19.399  -92.649  -9.826 0.8999999762
25276  -5.048  -86.036  19.172 0.8000000119
25230  -4.414  -87.570  17.672 0.8999999762
25231  -5.316  -87.576  18.300 0.8000000119
25227  -4.214  -86.323  13.324 0.8000000119
24430  -13.712  -87.995  -9.551 0.8999999762
24319  -20.619  -87.385  -7.932 0.5000000000
24290  -20.431  -88.500  -7.998 0.6000000238
24404  -14.687  -88.129  -8.577 0.6999999881
25275  -4.572  -85.786  18.149 1.0000000000
25232  -6.344  -87.158  18.472 0.8000000119
25274  -4.656  -85.255  16.823 1.0000000000
25273  -4.903  -84.829  15.563 1.0000000000
25272  -4.745  -84.397  14.362 0.8000000119
24429  -15.531  -87.208  -9.707 0.6000000238
24456  -10.636  -88.819  -11.203 0.8999999762
23342  -28.012  -89.982  -1.492 0.2000000030
24348  -19.026  -87.258  -7.605 0.5000000000
24403  -16.522  -87.262  -8.895 0.5000000000
24376  -17.741  -87.304  -8.151 0.5000000000
24230  -17.314  -92.869  -9.330 0.8999999762
24260  -19.968  -89.772  -8.715 0.6000000238
24229  -19.497  -91.218  -9.278 0.8999999762
24196  -21.344  -90.468  -10.439 0.6000000238
25320  -4.333  -84.689  19.868 0.8999999762
25277  -5.982  -85.854  19.595 0.6999999881
24347  -20.664  -86.291  -8.317 0.5000000000
23341  -28.722  -89.506  -2.563 0.2000000030
24375  -19.303  -86.387  -8.461 0.5000000000
24289  -21.994  -87.209  -9.203 0.4000000060
24259  -21.766  -88.207  -9.630 0.6000000238
24162  -22.695  -89.729  -11.679 0.6000000238
24161  -23.500  -88.442  -13.091 0.6000000238
24195  -22.490  -88.846  -11.732 0.5000000000
24160  -24.179  -87.134  -14.274 0.6000000238
24159  -25.104  -85.764  -15.068 0.5000000000
25364  -4.122  -83.689  21.321 0.6999999881
25319  -4.150  -84.263  18.579 1.0000000000
25318  -4.450  -83.638  17.456 1.0000000000
25317  -4.977  -83.088  16.335 1.0000000000
25271  -4.463  -83.848  13.364 0.6999999881
24455  -12.663  -87.897  -10.846 0.8000000119
24428  -17.026  -86.247  -9.936 0.6000000238
24480  -9.421  -88.585  -12.127 0.8999999762
24479  -11.424  -87.688  -12.154 0.8000000119
24402  -18.157  -86.412  -9.187 0.5000000000
24401  -19.545  -85.548  -9.165 0.4000000060
24318  -22.098  -86.133  -9.183 0.4000000060
24228  -21.366  -89.278  -10.249 0.6999999881
24227  -22.570  -87.804  -11.445 0.5000000000
24194  -23.234  -87.389  -12.999 0.6000000238
25363  -3.666  -83.429  20.174 0.6000000238
25406  -3.567  -82.344  21.903 0.5000000000
25316  -4.905  -82.507  15.086 0.8999999762
24454  -14.661  -87.238  -10.746 0.6999999881
24453  -16.188  -86.264  -10.701 0.6000000238
24478  -13.730  -86.989  -12.024 0.8000000119
24427  -18.413  -85.233  -9.610 0.5000000000
24374  -20.678  -85.429  -8.964 0.4000000060
23287  -29.550  -87.470  -2.569 0.1000000015
24502  -9.930  -87.113  -12.573 0.8000000119
24317  -22.822  -84.834  -10.683 0.2000000030
24258  -22.812  -86.694  -10.922 0.3000000119
24193  -23.806  -85.992  -14.016 0.6000000238
25405  -3.425  -81.752  20.621 0.8999999762
25362  -3.744  -82.743  18.994 1.0000000000
25361  -4.392  -82.029  18.090 1.0000000000
25360  -5.133  -81.312  16.954 1.0000000000
25315  -4.524  -81.994  14.034 0.6000000238
24452  -17.342  -85.048  -10.165 0.6999999881
24451  -18.321  -83.949  -9.133 0.5000000000
24426  -19.469  -84.288  -8.799 0.4000000060
23288  -28.598  -88.047  -1.678 0.1000000015
24346  -21.951  -85.138  -9.555 0.3000000119
24501  -12.051  -86.283  -13.053 0.8000000119
24400  -20.758  -84.442  -8.985 0.4000000060
24373  -21.912  -84.166  -9.661 0.2000000030
24288  -22.902  -85.753  -10.660 0.2000000030
24226  -23.208  -86.275  -12.587 0.6000000238
24257  -23.278  -85.302  -12.278 0.3000000119
24287  -23.339  -84.494  -12.007 0.2000000030
24256  -24.003  -84.051  -13.345 0.2000000030
24286  -24.426  -83.384  -12.580 0.2000000030
24225  -23.738  -84.897  -13.686 0.3000000119
24192  -25.150  -84.524  -14.509 0.4000000060
24158  -27.099  -84.343  -14.838 0.2000000030
25447  -3.544  -80.800  22.044 0.5000000000
25446  -3.516  -79.952  20.777 0.6000000238
25487  -3.920  -79.137  21.885 0.6000000238
25404  -3.768  -80.957  19.480 1.0000000000
25403  -4.629  -80.108  18.486 1.0000000000
25359  -4.975  -80.688  15.599 0.8999999762
24476  -16.400  -84.970  -10.706 0.6999999881
24475  -17.281  -83.602  -9.536 0.5000000000
24450  -19.462  -83.078  -7.980 0.3000000119
24477  -15.319  -86.174  -11.556 0.6000000238
24425  -20.756  -83.313  -8.127 0.2000000030
24500  -14.151  -85.523  -12.570 0.6000000238
24372  -23.016  -82.836  -9.854 0.1000000015
24224  -25.449  -83.634  -13.949 0.2000000030
24191  -27.337  -83.623  -14.091 0.1000000015
25445  -3.896  -78.968  19.556 1.0000000000
25402  -5.117  -79.275  17.009 1.0000000000
24474  -18.342  -82.549  -8.352 0.4000000060
24449  -21.168  -82.217  -7.238 0.1000000015
24424  -22.442  -82.179  -7.889 0.1000000015
24525  -7.069  -87.868  -10.049 0.8000000119
24524  -8.869  -86.809  -11.374 0.8999999762
24499  -15.352  -84.495  -11.402 0.6999999881
24399  -22.078  -83.036  -8.865 0.1000000015
24523  -10.457  -85.426  -12.742 0.8000000119
24522  -12.605  -84.581  -13.267 0.6999999881
24345  -22.736  -83.934  -10.604 0.1000000015
25444  -4.456  -78.025  18.203 1.0000000000
25358  -4.324  -80.333  14.230 0.5000000000
24473  -19.819  -81.861  -7.276 0.3000000119
24448  -23.141  -81.241  -6.971 0.1000000015
24423  -24.491  -81.247  -7.750 0.1000000015
24398  -23.709  -82.004  -8.722 0.1000000015
24521  -14.447  -83.614  -12.453 0.6999999881
24371  -24.796  -81.802  -9.561 0.1000000015
24344  -23.957  -82.629  -10.675 0.1000000015
25401  -4.428  -78.756  15.380 0.6999999881
24472  -21.774  -81.080  -6.516 0.1000000015
24471  -23.767  -80.152  -6.297 0.1000000015
24470  -25.787  -79.152  -6.415 0.1000000015
24497  -17.579  -82.166  -8.977 0.4000000060
24447  -25.179  -80.332  -6.962 0.1000000015
24498  -16.389  -83.278  -10.186 0.6000000238
23175  -5.919  -87.021  -8.342 0.8000000119
24446  -27.106  -79.286  -7.147 0.1000000015
24422  -26.557  -80.374  -7.768 0.1000000015
24545  -8.177  -86.747  -9.476 0.8000000119
24520  -15.876  -82.521  -11.176 0.5000000000
24397  -25.684  -81.197  -8.554 0.1000000015
24370  -26.844  -81.095  -9.292 0.1000000015
24542  -13.390  -82.973  -12.992 0.6000000238
24343  -25.939  -81.885  -10.304 0.1000000015
24543  -11.167  -83.787  -12.657 0.8000000119
24342  -27.961  -80.916  -9.920 0.1000000015
25564  -5.084  -76.198  21.448 0.4000000060
25563  -4.638  -74.986  20.328 0.5000000000
25525  -3.912  -76.382  20.612 0.6000000238
25524  -3.780  -75.337  19.223 0.8000000119
25443  -4.438  -77.326  16.411 1.0000000000
24495  -20.461  -80.646  -6.694 0.1000000015
24496  -18.899  -81.283  -7.806 0.4000000060
24421  -28.174  -79.136  -8.038 0.1000000015
24544  -9.692  -85.047  -11.075 0.8000000119
24396  -27.649  -80.213  -8.565 0.1000000015
24541  -15.313  -82.002  -12.174 0.5000000000
24369  -28.668  -79.785  -9.334 0.1000000015
24368  -29.766  -78.129  -9.868 0.1000000015
24341  -29.697  -79.365  -9.911 0.1000000015
25562  -4.453  -73.758  18.749 0.8000000119
25484  -3.926  -76.174  17.816 1.0000000000
25523  -3.848  -74.366  17.500 1.0000000000
25400  -3.816  -78.557  13.958 0.6999999881
24494  -22.482  -79.818  -5.986 0.1000000015
24517  -19.684  -80.056  -7.134 0.2000000030
24516  -21.393  -79.235  -6.110 0.1000000015
23176  -7.178  -86.293  -7.613 0.8000000119
24519  -17.179  -81.669  -9.798 0.5000000000
24518  -18.342  -80.934  -8.418 0.3000000119
24469  -27.380  -78.112  -6.887 0.1000000015
24540  -16.748  -81.204  -10.798 0.4000000060
24564  -9.331  -85.179  -8.990 0.8999999762
24395  -28.998  -78.688  -8.991 0.1000000015
24561  -14.515  -81.623  -12.730 0.5000000000
24367  -30.243  -76.494  -11.348 0.1000000015
25600  -5.794  -73.852  19.605 0.4000000060
25442  -3.658  -76.939  14.836 0.8999999762
24538  -19.237  -79.613  -7.874 0.3000000119
24539  -17.993  -80.518  -9.303 0.4000000060
24420  -28.931  -77.580  -8.950 0.1000000015
24563  -10.495  -83.526  -10.775 0.8000000119
24444  -28.729  -76.387  -9.357 0.1000000015
24419  -29.049  -76.033  -10.583 0.1000000015
24560  -16.274  -80.861  -11.779 0.4000000060
24394  -29.404  -77.054  -10.072 0.1000000015
24562  -12.147  -82.456  -12.244 0.6999999881
24393  -29.607  -75.543  -12.017 0.1000000015
25599  -5.584  -72.707  18.135 0.5000000000
25483  -3.661  -75.528  16.103 1.0000000000
25522  -3.574  -73.760  15.754 1.0000000000
25482  -3.162  -75.080  14.508 0.8999999762
24755  -5.119  -85.827  -6.644 0.8000000119
24754  -6.508  -85.186  -5.895 1.0000000000
23177  -8.764  -85.101  -7.025 0.8999999762
24558  -18.923  -79.303  -8.680 0.4000000060
24582  -10.349  -83.553  -8.681 0.8999999762
24559  -17.610  -80.108  -10.208 0.4000000060
25561  -4.313  -72.864  17.075 0.8999999762
25635  -7.136  -72.248  17.344 0.5000000000
24536  -22.428  -77.756  -5.645 0.1000000015
24537  -20.667  -78.618  -6.674 0.1000000015
24557  -20.213  -78.214  -7.252 0.1000000015
24578  -17.289  -79.712  -11.039 0.3000000119
24581  -11.536  -82.234  -10.417 0.8000000119
24579  -15.712  -80.269  -12.187 0.4000000060
25598  -5.509  -71.841  16.477 0.8999999762
25560  -4.080  -72.139  15.481 0.8999999762
24809  -4.526  -84.409  -5.001 0.8000000119
24556  -21.606  -77.147  -6.032 0.1000000015
24753  -8.003  -84.116  -5.413 0.8999999762
23178  -9.998  -83.696  -6.752 0.8999999762
24599  -11.504  -82.398  -8.431 0.8000000119
24577  -18.520  -78.964  -9.480 0.2000000030
24580  -13.336  -81.118  -11.778 0.6000000238
25634  -7.233  -71.197  15.848 0.8000000119
25670  -8.955  -71.884  16.766 0.8000000119
24861  -5.418  -82.286  -3.552 0.8999999762
24862  -4.289  -83.176  -3.640 0.8999999762
24808  -5.854  -83.549  -4.726 1.0000000000
24807  -7.279  -82.635  -4.234 1.0000000000
24555  -23.252  -76.227  -5.139 0.1000000015
24575  -20.866  -76.803  -6.516 0.1000000015
24576  -19.679  -77.908  -7.945 0.2000000030
24752  -9.475  -82.783  -4.953 1.0000000000
24598  -12.785  -81.098  -9.976 0.8000000119
24595  -18.124  -78.375  -10.245 0.2000000030
24596  -16.591  -78.965  -11.452 0.3000000119
25669  -9.106  -70.690  15.393 0.6999999881
25704  -10.733  -71.401  16.514 0.8000000119
25737  -12.395  -71.015  16.275 0.5000000000
25769  -14.020  -70.724  16.001 0.5000000000
24860  -6.874  -81.381  -2.965 1.0000000000
24574  -22.301  -75.673  -5.312 0.1000000015
23179  -11.387  -82.375  -6.428 0.8999999762
24594  -19.175  -77.585  -8.614 0.2000000030
24597  -14.522  -79.881  -11.149 0.6000000238
24611  -18.671  -76.933  -9.432 0.2000000030
24610  -19.579  -75.909  -7.909 0.2000000030
24626  -19.013  -75.260  -8.847 0.2000000030
24612  -17.182  -77.751  -10.535 0.2000000030
24640  -19.544  -73.093  -8.758 0.2000000030
24627  -17.653  -76.338  -9.792 0.2000000030
24641  -18.147  -74.663  -9.580 0.2000000030
25597  -5.462  -70.852  14.914 0.8999999762
25633  -7.249  -70.031  14.268 0.8999999762
25703  -10.891  -70.158  15.207 0.6000000238
25736  -12.604  -69.712  15.330 0.6000000238
25768  -14.291  -69.450  15.320 0.5000000000
25799  -15.909  -69.300  15.233 0.5000000000
24914  -4.125  -81.898  -2.227 0.8999999762
24751  -10.937  -81.198  -4.544 1.0000000000
24806  -8.929  -81.485  -3.653 1.0000000000
24593  -20.132  -76.407  -7.112 0.2000000030
24592  -21.400  -75.123  -5.799 0.2000000030
24615  -12.835  -81.199  -8.118 0.8000000119
24614  -13.982  -79.820  -9.615 0.6000000238
24613  -15.511  -78.806  -10.513 0.5000000000
24653  -20.337  -71.038  -9.116 0.2000000030
24654  -18.907  -72.682  -10.036 0.2000000030
24666  -19.857  -70.702  -10.670 0.2000000030
24642  -16.605  -75.897  -9.361 0.3000000119
25559  -3.957  -71.178  13.838 0.8000000119
24913  -5.154  -80.937  -2.207 0.8999999762
24912  -6.623  -79.949  -1.783 1.0000000000
24859  -8.428  -80.203  -2.586 1.0000000000
24805  -10.220  -79.872  -3.718 1.0000000000
24750  -11.917  -79.152  -4.937 1.0000000000
23180  -12.684  -80.588  -6.090 1.0000000000
24630  -13.807  -79.534  -7.862 0.8999999762
24609  -20.670  -74.551  -6.540 0.2000000030
24625  -20.039  -73.801  -7.450 0.2000000030
24639  -20.716  -71.607  -7.484 0.2000000030
24628  -16.106  -77.506  -9.702 0.3000000119
24655  -17.214  -74.165  -9.795 0.3000000119
24665  -21.316  -69.092  -9.583 0.2000000030
24667  -18.148  -72.138  -10.548 0.3000000119
24677  -20.682  -68.500  -10.966 0.2000000030
25596  -5.380  -69.773  13.161 0.8000000119
25668  -9.150  -69.378  13.921 0.8999999762
25798  -16.131  -68.164  14.776 0.6000000238
24965  -4.023  -80.553  -0.940 0.8999999762
24964  -4.922  -79.397  -0.974 1.0000000000
24858  -9.477  -78.632  -3.231 1.0000000000
23181  -13.218  -78.534  -6.297 1.0000000000
24629  -14.808  -78.512  -9.157 0.6000000238
25702  -10.984  -68.880  14.026 0.6999999881
25735  -12.836  -68.455  14.439 0.6000000238
25767  -14.499  -68.245  14.660 0.6000000238
25766  -14.731  -67.430  13.734 0.6000000238
25797  -16.412  -67.419  13.940 0.6000000238
25015  -3.989  -79.211  0.232 0.8000000119
24963  -6.237  -78.365  -1.049 1.0000000000
24911  -7.969  -78.746  -2.007 1.0000000000
24804  -10.659  -78.102  -4.654 1.0000000000
24749  -11.796  -77.310  -6.004 0.8999999762
23182  -12.781  -76.775  -7.385 0.8000000119
24644  -14.045  -77.661  -7.922 0.6000000238
24643  -15.198  -76.959  -8.752 0.5000000000
24657  -14.075  -76.065  -8.352 0.5000000000
24668  -16.431  -73.576  -9.726 0.3000000119
25632  -7.357  -68.865  12.584 1.0000000000
25558  -4.240  -70.653  12.156 0.8999999762
25734  -13.130  -67.726  13.283 0.8000000119
25064  -3.920  -77.782  1.238 0.6000000238
25014  -4.709  -77.916  -0.165 0.8000000119
24656  -15.723  -75.291  -8.966 0.5000000000
25667  -9.306  -68.359  12.428 0.8999999762
25701  -11.306  -68.004  12.787 0.8000000119
25733  -13.499  -67.540  11.979 0.8000000119
25765  -15.071  -67.354  12.483 0.8000000119
25796  -16.752  -67.230  12.928 0.6999999881
24803  -10.148  -76.704  -6.010 1.0000000000
25595  -5.888  -69.108  11.216 0.6999999881
25700  -11.718  -67.644  11.278 0.8999999762
25063  -4.433  -76.516  0.636 0.8000000119
24962  -7.290  -77.356  -1.588 1.0000000000
24910  -8.618  -77.513  -3.002 1.0000000000
24857  -9.472  -77.292  -4.602 1.0000000000
25666  -9.750  -67.743  10.735 1.0000000000
25732  -13.982  -67.649  10.347 0.8999999762
25764  -15.558  -67.552  11.188 0.8999999762
25795  -17.065  -67.384  11.738 0.8999999762
25013  -5.726  -76.870  -0.519 0.8000000119
24748  -11.213  -76.058  -7.384 0.8999999762
25631  -7.784  -68.183  10.642 0.8999999762
25699  -12.291  -67.635  9.522 1.0000000000
25763  -16.156  -67.700  9.799 0.8999999762
25762  -16.942  -67.844  8.610 0.8999999762
25794  -17.678  -67.549  10.699 0.8999999762
25112  -3.851  -76.285  2.132 0.6999999881
25062  -5.307  -75.409  0.147 0.8000000119
24909  -8.796  -76.262  -4.147 1.0000000000
24802  -9.518  -75.443  -7.124 0.8999999762
25731  -14.715  -67.718  8.829 1.0000000000
25793  -18.283  -67.493  9.726 0.8999999762
25822  -20.054  -66.293  9.838 1.0000000000
25850  -20.857  -64.604  9.791 0.4000000060
25820  -21.277  -65.746  8.710 0.6999999881
25819  -21.844  -65.622  8.694 0.6999999881
25111  -4.251  -74.926  1.383 0.8000000119
25012  -6.656  -75.912  -0.980 0.8999999762
24961  -8.030  -76.288  -2.380 1.0000000000
24856  -8.919  -75.973  -5.649 0.8000000119
24855  -8.941  -74.314  -6.274 0.8000000119
24747  -11.174  -74.742  -8.412 0.6000000238
24854  -10.205  -72.767  -6.599 0.5000000000
25730  -15.613  -67.986  7.642 0.8999999762
25761  -17.918  -68.018  8.024 0.6999999881
25792  -19.049  -67.351  8.886 1.0000000000
25760  -18.896  -68.217  7.861 0.8999999762
25159  -4.044  -74.814  2.886 0.6999999881
25791  -19.846  -67.191  8.361 1.0000000000
25821  -20.598  -66.000  9.080 1.0000000000
25849  -21.289  -64.250  9.415 0.6000000238
25790  -20.752  -67.167  8.378 1.0000000000
25789  -21.433  -67.129  8.473 0.8000000119
24908  -8.924  -74.863  -4.792 0.8999999762
24907  -9.620  -73.469  -5.209 0.6000000238
24853  -12.158  -71.833  -6.366 0.5000000000
25729  -16.775  -68.523  7.292 0.6999999881
25110  -4.949  -73.848  0.799 0.8999999762
25759  -19.769  -68.370  8.140 0.5000000000
25758  -20.585  -68.623  8.443 0.6000000238
25788  -22.172  -67.437  8.519 0.6000000238
25061  -6.199  -74.364  -0.205 0.8999999762
25011  -7.553  -74.848  -1.453 1.0000000000
24960  -8.607  -75.081  -3.013 0.8999999762
25787  -23.076  -67.694  8.187 0.6000000238
25785  -24.894  -67.344  7.261 0.4000000060
24958  -10.302  -72.963  -3.756 0.6999999881
24906  -11.186  -72.513  -5.164 0.5000000000
24905  -12.932  -71.747  -4.796 0.5000000000
25698  -13.169  -67.910  8.126 0.6999999881
25158  -4.149  -73.455  2.069 0.8000000119
25060  -7.141  -73.243  -0.607 0.8999999762
25784  -25.517  -66.694  6.590 0.4000000060
24959  -9.239  -73.922  -3.599 0.8000000119
25783  -26.106  -65.755  6.090 0.4000000060
25009  -9.165  -72.792  -2.282 0.6999999881
25008  -10.229  -71.846  -2.390 0.6999999881
24957  -11.708  -72.047  -3.566 0.6999999881
24852  -14.045  -71.062  -5.879 0.5000000000
25157  -4.730  -72.287  1.316 0.8000000119
25109  -5.854  -72.758  0.288 0.8999999762
25010  -8.297  -73.709  -1.865 0.8999999762
25059  -7.996  -72.313  -1.136 0.8000000119
25814  -25.605  -64.482  7.264 0.6000000238
25782  -26.586  -64.622  5.667 0.6999999881
25750  -26.662  -65.619  4.415 0.5000000000
25716  -26.463  -65.121  2.751 0.3000000119
25749  -26.835  -64.250  3.898 0.4000000060
25058  -8.862  -71.345  -1.498 0.8000000119
25007  -11.438  -70.785  -2.205 0.6999999881
24956  -13.066  -71.032  -3.164 0.6000000238
24904  -14.453  -70.685  -4.196 0.6000000238
25108  -6.775  -71.809  -0.210 0.8999999762
25813  -26.016  -63.448  6.867 0.8999999762
25107  -7.594  -70.783  -0.677 0.8000000119
25781  -26.777  -63.286  5.234 0.8000000119
25748  -26.771  -62.771  3.604 0.5000000000
25681  -25.763  -63.678  1.637 0.2000000030
25715  -26.466  -63.446  2.549 0.3000000119
25057  -9.997  -70.236  -1.563 0.6000000238
25682  -25.689  -65.392  1.715 0.2000000030
25156  -5.508  -71.165  0.770 0.8999999762
25812  -26.194  -62.305  6.426 1.0000000000
25780  -26.663  -61.961  4.896 0.8999999762
25106  -8.657  -69.711  -1.019 0.8000000119
25646  -24.735  -63.756  0.887 0.3000000119
100  -26.528  -61.290  3.315 0.5000000000
25056  -11.015  -68.932  -1.482 0.6999999881
102  -25.605  -61.954  1.559 0.4000000060
25006  -12.563  -69.404  -2.087 0.6000000238
25573  -21.886  -63.646  0.134 0.3000000119
103  -24.659  -62.006  0.865 0.3000000119
25203  -4.744  -70.542  1.907 0.8000000119
25202  -5.392  -69.471  1.207 0.8999999762
25155  -6.312  -70.102  0.158 0.8000000119
25811  -26.097  -61.116  6.022 0.8999999762
25154  -7.248  -69.035  -0.374 0.6999999881
99  -26.259  -60.630  4.473 0.5000000000
25153  -8.298  -67.762  -0.575 0.8000000119
25105  -9.648  -68.388  -1.019 0.6999999881
25055  -11.910  -67.546  -1.644 0.6999999881
105  -22.160  -62.000  -0.070 0.4000000060
104  -23.495  -62.082  0.276 0.5000000000
25005  -13.366  -67.798  -2.224 0.6000000238
25248  -5.201  -69.118  2.338 0.6999999881
25201  -6.189  -68.273  0.515 0.8000000119
25104  -10.450  -67.052  -1.128 0.8000000119
1530  -23.235  -60.336  0.003 0.5000000000
25054  -12.669  -65.890  -2.140 0.6000000238
25004  -13.911  -66.042  -2.729 0.4000000060
106  -20.643  -61.815  -0.232 0.3000000119
1549  -22.108  -60.269  -0.314 0.3000000119
1510  -24.217  -60.280  0.643 0.6999999881
25247  -5.806  -67.865  1.684 0.8999999762
25200  -7.068  -67.039  0.240 0.8999999762
25199  -7.955  -65.683  0.146 0.8999999762
25152  -9.040  -66.320  -0.653 0.8000000119
25151  -9.864  -64.996  -1.050 0.8000000119
25103  -11.324  -65.582  -1.595 0.6000000238
1567  -20.757  -60.160  -0.513 0.4000000060
1511  -23.708  -58.390  0.338 0.8000000119
25053  -13.193  -64.198  -2.790 0.4000000060
1550  -21.835  -58.502  -0.776 0.8000000119
1531  -22.863  -58.491  -0.335 0.8999999762
25246  -6.592  -66.637  1.303 0.8999999762
25245  -7.491  -65.454  1.124 0.8000000119
25198  -8.771  -64.437  -0.188 0.6999999881
25150  -10.566  -63.542  -1.626 0.4000000060
25102  -11.957  -63.969  -2.268 0.4000000060
1568  -20.670  -58.471  -1.065 0.8000000119
25101  -12.361  -62.192  -2.849 0.3000000119
25052  -13.684  -62.333  -3.355 0.3000000119
1585  -19.378  -58.271  -1.309 0.6999999881
25244  -8.257  -64.091  0.768 0.8000000119
1513  -22.773  -54.788  -0.662 0.8000000119
25243  -9.089  -62.687  0.284 0.6999999881
25197  -9.536  -63.056  -0.757 0.8000000119
1569  -20.583  -56.732  -1.827 0.6000000238
1551  -21.628  -56.783  -1.398 0.6000000238
1532  -22.514  -56.653  -0.817 0.8000000119
25149  -11.070  -61.842  -2.290 0.3000000119
1601  -17.882  -58.074  -1.471 0.6000000238
25100  -12.868  -60.275  -3.274 0.2000000030
25242  -9.636  -61.192  -0.312 0.6000000238
25196  -10.044  -61.416  -1.354 0.5000000000
1552  -21.482  -54.974  -2.046 0.6000000238
25195  -10.567  -59.563  -1.719 0.3000000119
25148  -11.586  -59.907  -2.600 0.3000000119
1602  -18.001  -56.431  -2.340 0.6000000238
1586  -19.381  -56.620  -2.099 0.6000000238
1570  -20.577  -54.941  -2.547 0.6000000238
116  -13.449  -58.371  -4.026 0.3000000119
1603  -18.288  -54.575  -3.230 0.4000000060
1587  -19.522  -54.799  -2.918 0.6000000238
25287  -9.905  -61.423  0.567 0.6999999881
25330  -11.427  -60.512  0.425 0.6999999881
111  -12.399  -58.902  -0.117 0.6000000238
1629  -14.227  -58.359  -0.760 0.5000000000
25241  -10.168  -59.450  -0.728 0.5000000000
1571  -20.624  -53.137  -3.206 0.6000000238
1553  -21.398  -53.188  -2.571 0.6000000238
115  -12.135  -58.091  -3.293 0.3000000119
1617  -16.494  -55.944  -2.561 0.4000000060
1684  -13.165  -56.269  -4.296 0.3000000119
25286  -10.542  -59.725  0.083 0.6999999881
1642  -12.843  -57.311  -0.930 0.5000000000
113  -10.990  -57.704  -1.276 0.4000000060
114  -11.286  -57.780  -2.299 0.3000000119
1588  -19.702  -52.978  -3.687 0.5000000000
1675  -12.046  -56.119  -3.393 0.2000000030
1618  -16.830  -54.086  -3.491 0.5000000000
1666  -12.395  -54.469  -3.506 0.1000000015
1572  -20.593  -51.045  -3.689 0.5000000000
1676  -13.012  -54.284  -4.583 0.2000000030
1604  -18.577  -52.673  -4.113 0.5000000000
112  -11.413  -58.110  -0.481 0.4000000060
1654  -11.922  -56.543  -1.425 0.4000000060
1643  -13.283  -55.821  -1.870 0.4000000060
1631  -14.926  -55.103  -2.701 0.5000000000
1665  -11.637  -56.148  -2.300 0.3000000119
1632  -15.399  -53.091  -3.676 0.6000000238
1619  -17.243  -52.047  -4.482 0.5000000000
1605  -19.015  -50.549  -4.899 0.5000000000
1667  -13.318  -52.502  -4.799 0.3000000119
1668  -14.746  -50.869  -6.317 0.3000000119
1677  -14.322  -52.540  -5.963 0.1000000015
1655  -12.493  -54.936  -2.559 0.5000000000
1644  -13.757  -53.939  -2.966 0.5000000000
1656  -13.188  -52.914  -3.712 0.4000000060
1645  -14.438  -51.898  -4.098 0.4000000060
1633  -16.039  -51.066  -4.809 0.5000000000
1646  -15.379  -50.030  -5.463 0.3000000119
24443  -29.024  -74.614  -11.346 0.1000000015
24326  -9.351  -94.315  -10.228 0.6000000238
25321  -5.123  -84.703  20.569 0.6999999881
24503  -8.177  -88.232  -11.613 0.8999999762
24445  -28.351  -78.002  -7.797 0.1000000015
24801  -10.046  -73.657  -7.749 0.5000000000
25757  -21.547  -69.016  8.325 0.6000000238
101  -26.265  -61.821  2.369 0.4000000060
25842  -25.139  -61.407  7.338 0.8999999762
25610  -23.438  -63.755  0.393 0.2000000030
98  -25.621  -59.867  5.617 0.8999999762
1600  -17.671  -59.648  -0.819 0.8000000119
1533  -22.270  -54.905  -1.410 0.8000000119
1616  -16.215  -57.665  -1.593 0.6000000238
1657  -14.172  -51.052  -5.084 0.3000000119
23955  -8.906  -100.677  2.792 0.3000000119
23914  -9.798  -101.477  1.549 0.3000000119
23872  -11.398  -102.246  0.831 0.5000000000
23829  -13.381  -102.406  0.697 0.6999999881
23871  -13.259  -102.187  -0.748 0.6000000238
23648  -19.269  -100.157  1.440 0.8000000119
23152  -8.963  -101.599  7.426 0.8000000119
23601  -19.486  -99.888  2.197 0.6000000238
23643  -26.020  -97.902  -4.009 0.6999999881
23689  -25.748  -97.858  -5.829 0.6000000238
23596  -26.119  -97.483  -2.431 0.5000000000
23866  -21.449  -99.501  -8.417 0.4000000060
23908  -20.049  -99.415  -8.412 0.4000000060
24779  -9.122  -100.397  8.734 0.8000000119
23151  -9.901  -101.261  8.237 0.8000000119
23603  -17.278  -99.861  4.122 0.6000000238
23602  -18.377  -99.938  3.059 0.6999999881
23551  -22.664  -98.636  1.053 0.6000000238
23642  -27.078  -97.328  -5.192 0.6999999881
23501  -23.471  -97.199  0.977 0.5000000000
23688  -26.049  -97.194  -6.892 0.6000000238
24026  -17.051  -98.614  -11.824 0.1000000015
23745  -11.273  -101.487  7.304 0.6999999881
23699  -12.756  -101.094  6.556 0.8000000119
24780  -10.196  -100.054  9.281 0.6999999881
23150  -10.909  -100.922  8.942 0.6999999881
23552  -21.163  -99.116  1.909 0.6000000238
23595  -27.393  -96.998  -3.304 0.6000000238
23547  -27.317  -96.138  -1.983 0.4000000060
23500  -24.394  -96.435  0.296 0.5000000000
23734  -24.779  -97.598  -7.620 0.6000000238
23907  -20.828  -99.436  -10.506 0.3000000119
23147  -13.492  -99.826  12.614 0.6000000238
23700  -12.232  -101.123  8.231 0.6999999881
23652  -14.357  -100.439  5.881 0.6999999881
23778  -23.621  -97.285  -9.568 0.5000000000
23948  -19.272  -99.266  -10.550 0.4000000060
23863  -23.278  -97.755  -13.845 0.6000000238
23988  -17.759  -99.059  -10.204 0.1000000015
23947  -20.049  -99.418  -12.558 0.4000000060
23987  -18.360  -99.106  -12.341 0.3000000119
24025  -17.526  -98.688  -13.703 0.3000000119
24063  -16.301  -98.200  -12.830 0.1000000015
24784  -13.249  -98.605  14.154 0.6000000238
23148  -12.785  -100.321  11.137 0.6999999881
24782  -12.085  -99.478  11.515 0.6999999881
23862  -24.433  -96.863  -14.908 0.6999999881
23904  -23.184  -97.617  -15.464 0.6000000238
23945  -21.869  -98.333  -15.440 0.5000000000
23986  -19.133  -99.206  -14.110 0.4000000060
24024  -18.325  -98.653  -15.013 0.4000000060
24062  -16.668  -98.284  -14.360 0.1000000015
24837  -12.612  -97.825  12.794 0.6999999881
24783  -12.717  -99.065  12.983 0.6000000238
24781  -11.263  -99.789  10.211 0.6999999881
23653  -13.568  -100.569  7.687 0.6999999881
23604  -16.029  -99.698  5.481 0.6999999881
23449  -24.559  -94.770  -0.005 0.4000000060
23861  -25.821  -95.819  -15.574 0.6000000238
23903  -24.173  -96.282  -16.127 0.6999999881
23944  -22.613  -97.020  -16.424 0.6000000238
24061  -17.346  -97.990  -15.335 0.4000000060
25037  -4.468  -93.496  11.321 0.3000000119
25086  -3.613  -91.808  11.528 0.3000000119
25036  -4.785  -93.010  9.755 0.2000000030
25085  -3.908  -91.314  9.587 0.3000000119
23860  -26.801  -94.534  -15.624 0.5000000000
23902  -25.160  -94.719  -16.305 0.6999999881
24354  -9.165  -93.631  -10.048 0.4000000060
24057  -22.555  -92.542  -13.555 0.6000000238
24355  -8.306  -94.179  -9.780 0.5000000000
24094  -21.225  -93.682  -12.968 0.6000000238
24130  -19.612  -94.839  -12.256 0.6999999881
24020  -22.431  -93.190  -14.713 0.6999999881
23983  -21.839  -95.929  -16.406 0.6999999881
23149  -11.903  -100.667  9.827 0.6000000238
24093  -22.773  -91.816  -12.450 0.6000000238
24129  -21.432  -92.859  -11.622 0.6000000238
23941  -25.809  -92.069  -15.040 0.5000000000
23942  -24.389  -93.410  -15.795 0.5000000000
23943  -23.469  -95.197  -16.475 0.6999999881
23982  -22.693  -94.121  -15.839 0.6999999881
24098  -15.885  -97.591  -14.515 0.4000000060
24838  -12.880  -97.517  14.038 0.6000000238
23605  -15.079  -99.668  7.253 0.6999999881
25133  -3.486  -89.495  10.084 0.2000000030
24128  -22.776  -90.741  -11.757 0.6000000238
24056  -24.144  -90.800  -12.929 0.5000000000
24019  -24.126  -91.637  -13.924 0.6000000238
23981  -24.088  -92.461  -14.987 0.5000000000
24409  -7.138  -92.900  -10.283 0.5000000000
23980  -25.646  -91.162  -14.175 0.5000000000
24435  -5.997  -92.046  -9.993 0.5000000000
25134  -3.309  -89.975  11.898 0.4000000060
24459  -5.726  -91.040  -10.487 0.5000000000
24127  -23.872  -89.072  -12.779 0.5000000000
24126  -24.656  -88.017  -14.167 0.5000000000
24458  -7.005  -90.670  -11.494 0.5000000000
24125  -25.521  -86.871  -15.252 0.4000000060
24482  -5.721  -90.045  -10.647 0.5000000000
25132  -4.156  -89.176  8.970 0.3000000119
23172  -4.891  -90.073  -8.763 0.5000000000
25180  -3.486  -87.644  11.142 0.5000000000
24481  -7.503  -89.550  -11.726 0.6000000238
24124  -27.019  -85.419  -15.628 0.4000000060
23173  -4.756  -89.052  -8.612 0.5000000000
23174  -5.097  -87.933  -8.693 0.6999999881
24504  -6.205  -88.902  -10.470 0.6000000238
25226  -4.015  -85.793  12.198 0.6000000238
25179  -4.027  -87.201  10.134 0.5000000000
24757  -4.059  -88.076  -6.550 0.6999999881
24756  -4.252  -86.788  -6.854 0.6999999881
25270  -4.685  -83.442  12.573 0.4000000060
24811  -3.716  -86.806  -4.789 0.4000000060
24810  -3.801  -85.517  -5.070 0.6000000238
24863  -3.728  -84.261  -3.359 0.6000000238
25441  -3.405  -76.705  13.475 0.6999999881
25485  -3.720  -77.016  19.413 0.8999999762
25481  -3.219  -74.685  13.056 0.5000000000
25521  -3.241  -73.117  14.158 0.8000000119
25520  -3.509  -72.600  12.685 0.6999999881
25480  -4.005  -74.601  12.004 0.5000000000
25519  -4.387  -72.648  11.732 0.5000000000
25557  -5.354  -70.853  11.042 0.5000000000
25594  -7.029  -69.596  10.146 0.4000000060
25824  -19.214  -66.987  11.418 0.6000000238
25823  -19.646  -66.588  10.615 0.8000000119
25665  -10.503  -67.926  9.130 0.8000000119
25848  -21.771  -64.150  9.020 0.5000000000
25204  -4.264  -71.901  2.866 0.6999999881
25630  -8.752  -68.619  9.401 0.8000000119
25818  -22.504  -65.788  8.674 0.6000000238
25847  -22.471  -64.250  8.793 0.4000000060
25875  -22.082  -62.837  8.967 0.5000000000
25874  -22.617  -62.581  8.580 0.6000000238
25901  -21.710  -61.155  8.699 0.6000000238
25900  -21.798  -60.549  8.376 0.6000000238
25873  -23.163  -62.105  8.365 0.6999999881
25872  -23.498  -61.480  8.063 0.6999999881
25903  -20.750  -61.849  9.662 0.4000000060
25876  -21.463  -62.952  9.294 0.4000000060
25902  -21.310  -61.593  9.081 0.4000000060
25843  -24.964  -62.393  7.726 0.6999999881
25871  -23.685  -60.593  7.796 0.6999999881
25841  -25.038  -60.324  6.975 0.8000000119
25899  -21.906  -59.830  8.119 0.6000000238
25898  -21.909  -58.860  7.869 0.6999999881
25870  -23.567  -59.519  7.504 0.8000000119
97  -24.597  -59.115  6.498 0.8000000119
25292  -6.038  -67.780  2.773 0.5000000000
96  -23.262  -58.411  7.116 0.8000000119
1395  -24.708  -58.449  5.115 0.8000000119
25334  -8.198  -65.949  2.671 0.5000000000
1420  -25.328  -59.039  4.067 0.8000000119
25290  -7.553  -65.608  2.092 0.6000000238
1444  -25.629  -59.555  3.091 0.6999999881
25289  -8.339  -64.302  1.717 0.6000000238
1467  -25.528  -59.910  2.239 0.6999999881
25332  -9.893  -63.563  1.835 0.6000000238
1342  -22.628  -57.131  6.651 0.6999999881
1369  -23.826  -57.812  5.939 0.6999999881
1445  -24.626  -57.710  2.826 0.6999999881
1489  -25.051  -60.140  1.407 0.8000000119
1468  -24.615  -58.016  1.987 0.8000000119
25331  -10.728  -62.136  0.973 0.5000000000
25374  -11.982  -63.008  0.948 0.6000000238
109  -15.423  -60.773  -0.264 0.6000000238
1370  -22.885  -56.355  5.325 0.8000000119
1396  -23.709  -56.946  4.511 0.8000000119
25288  -9.200  -62.896  1.280 0.6999999881
1490  -24.305  -58.247  1.153 0.6999999881
25373  -12.731  -61.523  0.430 0.5000000000
25415  -14.448  -62.379  0.278 0.6000000238
1397  -22.682  -55.316  3.902 0.6000000238
1446  -23.594  -55.913  2.406 0.6000000238
1469  -23.705  -56.240  1.497 0.6000000238
1491  -23.595  -56.485  0.732 0.6999999881
110  -13.739  -59.939  -0.103 0.5000000000
1512  -23.191  -56.550  -0.066 0.6999999881
1584  -19.257  -59.971  -0.711 0.6999999881
1422  -23.273  -55.631  3.154 0.4000000060
1447  -22.687  -54.173  1.787 0.4000000060
1615  -15.934  -59.164  -0.805 0.5000000000
1423  -22.251  -54.004  2.541 0.4000000060
1470  -22.985  -54.416  0.986 0.6000000238
1492  -22.996  -54.682  0.171 0.6999999881
1630  -14.535  -56.847  -1.678 0.4000000060
1514  -22.228  -52.993  -1.230 0.6000000238
1534  -21.904  -53.165  -1.929 0.6000000238
1535  -21.360  -51.078  -2.350 0.5000000000
1589  -19.894  -50.861  -4.344 0.4000000060
1573  -19.985  -48.457  -3.918 0.2000000030
1606  -19.104  -47.887  -5.168 0.1000000015
1620  -17.881  -49.783  -5.438 0.4000000060
1634  -16.817  -48.793  -6.005 0.2000000030
1590  -19.718  -48.306  -4.573 0.2000000030
1621  -18.177  -47.074  -5.984 0.1000000015
1658  -15.468  -49.367  -6.542 0.1000000015
23870  -15.469  -102.100  -2.186 0.6999999881
25825  -18.704  -67.134  12.222 0.6999999881
23913  -11.371  -101.802  -0.453 0.4000000060
23821  -23.227  -97.397  -11.793 0.4000000060
25291  -6.680  -66.644  2.374 0.6999999881
25333  -9.002  -64.875  2.320 0.5000000000
1421  -24.314  -57.371  3.657 0.8000000119
1493  -22.332  -52.859  -0.495 0.6000000238
24829  -7.263  -98.338  6.870 0.1000000015
24774  -8.448  -98.939  5.359 0.1000000015
24828  -8.197  -97.745  6.411 0.1000000015
24773  -9.829  -98.360  4.822 0.1000000015
24998  -11.864  -94.677  20.809 0.4000000060
24947  -12.678  -95.066  20.173 0.3000000119
24948  -13.719  -94.234  20.673 0.3000000119
25048  -11.225  -94.179  21.579 0.4000000060
24997  -11.404  -94.498  19.404 0.4000000060
24772  -11.267  -97.519  4.270 0.1000000015
24882  -7.101  -97.001  7.649 0.1000000015
24999  -12.886  -94.021  21.648 0.3000000119
24895  -13.786  -95.296  19.429 0.4000000060
25047  -10.896  -93.857  20.228 0.4000000060
25046  -11.188  -92.976  18.709 0.6000000238
25095  -10.586  -92.360  19.889 0.6000000238
25094  -10.839  -91.383  18.490 0.6000000238
24827  -9.539  -97.164  5.868 0.1000000015
23911  -15.720  -102.111  -3.708 0.3000000119
25049  -12.220  -93.659  22.587 0.4000000060
25097  -10.570  -93.585  22.629 0.4000000060
24946  -12.057  -95.148  18.764 0.5000000000
24996  -11.663  -93.791  17.846 0.6000000238
24945  -12.210  -94.681  17.205 0.6000000238
25092  -9.493  -90.545  15.790 0.6000000238
25093  -10.608  -90.569  16.981 0.6000000238
23949  -18.432  -99.371  -8.378 0.2000000030
24896  -14.640  -94.282  19.625 0.4000000060
24949  -14.413  -93.015  20.361 0.3000000119
25096  -10.258  -93.247  21.283 0.5000000000
24894  -12.934  -95.727  18.268 0.5000000000
25045  -11.519  -92.089  17.237 0.6000000238
24897  -15.191  -93.027  19.306 0.4000000060
24843  -15.496  -94.135  18.603 0.4000000060
24842  -14.784  -95.328  18.524 0.4000000060
23654  -13.214  -100.846  9.372 0.6000000238
24995  -12.025  -92.936  16.132 0.6000000238
24944  -12.450  -94.149  15.546 0.6000000238
23558  -15.704  -99.676  10.619 0.5000000000
23606  -14.610  -100.119  9.137 0.5000000000
23557  -16.202  -99.084  8.805 0.5000000000
23553  -19.716  -99.199  2.830 0.6000000238
11854  -16.629  -91.885  17.892 0.2000000030
14992  -19.465  -92.744  14.931 0.2000000030
23250  -19.179  -94.006  15.467 0.2000000030
14993  -20.775  -93.252  14.760 0.2000000030
23249  -20.588  -94.624  15.513 0.1000000015
24844  -16.053  -92.874  18.238 0.2000000030
24789  -16.511  -94.110  17.527 0.4000000060
24841  -13.979  -96.131  17.715 0.4000000060
23554  -18.693  -98.992  3.720 0.5000000000
24790  -16.996  -93.047  17.090 0.3000000119
11855  -17.576  -91.993  16.807 0.2000000030
23140  -18.114  -93.270  15.930 0.2000000030
25142  -9.913  -90.571  19.864 0.6000000238
24788  -15.858  -95.420  17.557 0.4000000060
25141  -9.650  -89.633  18.377 0.6000000238
23607  -14.178  -100.380  10.882 0.5000000000
25044  -11.430  -91.388  15.634 0.6000000238
24891  -12.787  -95.724  13.815 0.6000000238
23556  -16.868  -98.830  6.826 0.6000000238
23555  -17.805  -98.870  5.080 0.6000000238
25144  -9.475  -92.486  22.632 0.5000000000
25143  -9.724  -91.587  21.311 0.5000000000
25187  -7.770  -88.210  18.112 0.6000000238
25188  -8.775  -88.449  19.493 0.6000000238
25189  -8.992  -89.471  21.046 0.6000000238
25233  -7.369  -86.944  19.083 0.6000000238
25235  -8.364  -88.450  22.128 0.6000000238
25234  -8.183  -87.369  20.553 0.6000000238
23170  -5.834  -92.205  -7.983 0.2000000030
23171  -5.195  -91.214  -8.676 0.2000000030
25224  -5.211  -85.503  10.918 0.3000000119
25281  -7.549  -88.758  24.495 0.6000000238
25280  -7.897  -87.538  23.135 0.6000000238
25322  -6.126  -84.554  21.277 0.6000000238
25278  -7.003  -85.697  20.222 0.6000000238
25269  -5.476  -83.676  11.875 0.3000000119
25314  -4.634  -81.623  12.875 0.3000000119
24759  -4.900  -90.499  -6.668 0.3000000119
25325  -7.078  -87.733  25.451 0.4000000060
25279  -7.812  -86.245  21.541 0.6000000238
24915  -3.834  -83.122  -1.891 0.2000000030
24967  -4.222  -83.127  -0.340 0.2000000030
25368  -6.533  -86.444  26.232 0.3000000119
25324  -7.393  -86.374  24.097 0.4000000060
25323  -7.074  -85.042  22.505 0.5000000000
25365  -4.960  -83.725  22.212 0.5000000000
24966  -3.852  -81.850  -0.485 0.2000000030
24813  -4.867  -89.705  -4.782 0.3000000119
25453  -5.383  -85.983  30.324 0.1000000015
25412  -5.995  -87.305  29.644 0.1000000015
25411  -5.792  -86.411  28.262 0.1000000015
25367  -6.517  -85.157  24.840 0.4000000060
24758  -4.476  -89.390  -6.355 0.3000000119
25452  -5.096  -84.956  28.729 0.1000000015
25410  -5.783  -85.218  26.791 0.2000000030
25366  -5.878  -84.110  23.309 0.5000000000
25407  -4.030  -82.842  22.969 0.5000000000
25357  -4.510  -80.137  12.932 0.3000000119
24865  -4.434  -86.981  -3.240 0.2000000030
24812  -4.194  -88.239  -4.679 0.2000000030
25409  -5.495  -84.102  25.333 0.4000000060
25408  -4.783  -83.252  23.923 0.4000000060
24864  -3.903  -85.659  -3.133 0.4000000060
25449  -4.183  -82.292  24.224 0.3000000119
25436  -9.503  -78.504  12.324 0.1000000015
25399  -4.175  -78.425  12.694 0.2000000030
25398  -5.165  -78.527  12.076 0.2000000030
25397  -6.533  -78.769  11.995 0.2000000030
25396  -7.926  -79.205  12.084 0.1000000015
25016  -3.804  -80.665  0.744 0.4000000060
25435  -10.917  -79.231  12.467 0.1000000015
25437  -8.133  -77.748  12.112 0.1000000015
25395  -9.214  -79.825  12.223 0.1000000015
25113  -4.000  -77.916  2.653 0.3000000119
25065  -3.883  -79.325  1.648 0.3000000119
25439  -5.033  -76.632  11.812 0.3000000119
25440  -3.923  -76.614  12.304 0.2000000030
25486  -3.679  -78.028  20.702 0.6999999881
25160  -4.189  -76.434  3.431 0.2000000030
25161  -4.793  -78.094  3.418 0.2000000030
24669  -14.494  -74.586  -9.043 0.4000000060
25205  -4.299  -73.390  3.530 0.3000000119
25251  -5.251  -73.647  4.304 0.3000000119
25340  -8.670  -74.377  3.713 0.2000000030
25296  -6.840  -74.005  4.210 0.3000000119
25206  -4.581  -75.024  4.057 0.3000000119
25250  -4.773  -71.912  3.993 0.4000000060
25339  -8.026  -72.824  3.797 0.2000000030
25518  -5.833  -73.139  11.697 0.3000000119
25295  -6.177  -72.309  4.245 0.3000000119
25249  -4.827  -70.372  3.132 0.5000000000
25294  -5.783  -70.666  3.923 0.2000000030
25293  -5.734  -69.157  3.354 0.5000000000
25337  -7.204  -69.621  3.678 0.3000000119
25336  -7.116  -68.133  3.362 0.3000000119
25378  -9.131  -67.597  3.056 0.3000000119
25420  -11.133  -68.351  2.584 0.2000000030
25335  -7.540  -66.927  3.032 0.3000000119
25377  -9.545  -66.519  2.776 0.3000000119
25419  -11.446  -67.175  2.318 0.3000000119
25418  -12.064  -66.154  1.962 0.3000000119
25376  -10.350  -65.490  2.344 0.4000000060
25417  -12.773  -64.998  1.500 0.3000000119
25458  -14.755  -65.650  0.942 0.3000000119
25375  -11.120  -64.380  1.755 0.5000000000
25416  -13.642  -63.814  0.829 0.5000000000
25846  -23.201  -64.162  8.564 0.6000000238
25816  -24.220  -65.720  8.096 0.6999999881
25457  -15.502  -64.363  0.556 0.3000000119
25496  -18.336  -63.189  -0.021 0.3000000119
25845  -23.843  -63.829  8.284 0.6000000238
25815  -24.941  -65.271  7.632 0.6000000238
25844  -24.557  -63.330  7.998 0.6000000238
25456  -16.284  -62.927  0.106 0.3000000119
25535  -20.164  -63.449  0.056 0.2000000030
107  -19.017  -61.610  -0.337 0.3000000119
25926  -20.173  -59.116  8.593 0.3000000119
108  -17.269  -61.322  -0.373 0.5000000000
25928  -20.063  -60.360  9.270 0.3000000119
25927  -20.169  -59.835  8.862 0.2000000030
25925  -20.110  -58.290  8.332 0.4000000060
25929  -19.687  -60.842  9.774 0.3000000119
25953  -18.393  -59.216  9.478 0.2000000030
95  -21.678  -57.803  7.581 0.5000000000
94  -19.954  -57.337  7.946 0.5000000000
25954  -18.241  -59.845  9.830 0.2000000030
1314  -21.230  -56.626  7.162 0.6000000238
1315  -20.592  -55.406  6.704 0.6000000238
25225  -4.345  -85.378  11.399 0.4000000060
24866  -5.182  -88.282  -3.307 0.1000000015
25817  -23.322  -65.886  8.428 0.6000000238
25930  -19.290  -60.989  10.614 0.2000000030
24099  -15.462  -97.810  -13.392 0.1000000015
23503  -21.007  -98.191  2.521 0.4000000060
23502  -22.287  -97.864  1.585 0.4000000060
23451  -22.633  -96.243  1.344 0.4000000060
23450  -23.652  -95.496  0.659 0.3000000119
23733  -24.735  -96.600  -8.749 0.5000000000
23777  -24.168  -96.555  -11.062 0.5000000000
23820  -24.350  -96.930  -13.191 0.5000000000
23505  -19.205  -98.172  4.719 0.5000000000
23504  -19.850  -98.170  3.505 0.5000000000
23453  -20.599  -97.017  3.238 0.2000000030
23452  -21.527  -96.826  2.077 0.3000000119
23401  -20.969  -95.662  3.085 0.2000000030
23400  -21.921  -95.224  2.010 0.3000000119
23399  -23.005  -94.473  1.290 0.3000000119
23398  -23.848  -93.767  0.634 0.4000000060
23559  -14.946  -99.803  12.426 0.4000000060
23510  -15.761  -99.196  13.665 0.4000000060
23509  -16.720  -99.110  12.110 0.4000000060
23459  -17.643  -98.695  13.512 0.4000000060
23508  -17.417  -98.687  10.416 0.3000000119
23458  -18.605  -98.510  11.840 0.3000000119
23407  -19.702  -98.288  13.353 0.3000000119
23457  -19.364  -98.190  10.061 0.3000000119
23406  -20.652  -98.112  11.546 0.3000000119
23354  -21.733  -97.746  13.039 0.3000000119
23300  -23.620  -96.958  12.510 0.1000000015
23353  -22.424  -97.494  11.195 0.2000000030
23506  -18.679  -98.214  6.506 0.3000000119
23454  -20.149  -97.220  4.544 0.2000000030
23641  -27.289  -96.484  -6.277 0.6000000238
23687  -25.967  -96.183  -7.992 0.5000000000
23732  -25.373  -96.019  -10.175 0.5000000000
23776  -25.589  -96.349  -12.223 0.5000000000
23146  -14.208  -99.236  13.885 0.5000000000
23145  -14.917  -98.582  14.876 0.5000000000
23507  -18.058  -98.317  8.528 0.4000000060
23301  -22.931  -96.839  14.353 0.1000000015
23405  -21.242  -97.857  9.662 0.3000000119
23352  -22.536  -96.953  9.266 0.3000000119
23299  -23.824  -96.581  10.665 0.2000000030
23347  -22.640  -93.441  2.456 0.2000000030
23346  -23.379  -92.657  1.623 0.3000000119
23594  -28.065  -96.262  -4.544 0.6000000238
23397  -24.870  -92.974  -0.055 0.3000000119
23640  -27.127  -95.493  -7.247 0.4000000060
23546  -28.316  -95.307  -2.954 0.5000000000
23686  -26.775  -95.482  -9.197 0.5000000000
23819  -25.894  -96.371  -14.070 0.6000000238
23408  -18.565  -98.120  14.806 0.4000000060
23355  -20.788  -97.674  14.828 0.3000000119
23456  -19.966  -97.988  8.120 0.4000000060
23455  -20.078  -97.692  6.197 0.4000000060
23404  -21.330  -97.417  7.746 0.3000000119
23351  -22.134  -96.053  7.742 0.2000000030
23298  -23.514  -95.657  9.156 0.2000000030
23297  -23.025  -94.689  7.876 0.2000000030
23402  -20.598  -95.900  4.524 0.2000000030
23348  -21.834  -94.109  3.388 0.2000000030
23497  -27.962  -94.397  -1.930 0.3000000119
23345  -24.177  -91.853  0.806 0.2000000030
23593  -28.050  -95.417  -5.632 0.5000000000
23496  -28.424  -93.667  -3.032 0.1000000015
23731  -26.893  -95.740  -11.207 0.4000000060
23775  -27.224  -95.789  -13.011 0.3000000119
24785  -13.770  -98.050  15.179 0.5000000000
24839  -13.152  -97.151  15.149 0.5000000000
24892  -12.835  -95.671  15.325 0.5000000000
23243  -24.808  -94.464  9.200 0.1000000015
23403  -20.938  -96.567  6.118 0.2000000030
23244  -25.144  -95.507  10.320 0.2000000030
23350  -21.615  -95.201  6.279 0.2000000030
23349  -21.391  -94.520  4.716 0.2000000030
23296  -22.615  -93.833  6.571 0.2000000030
23295  -22.577  -93.202  5.254 0.2000000030
23294  -22.822  -92.395  4.081 0.2000000030
23293  -23.258  -91.520  3.058 0.2000000030
23639  -27.974  -94.496  -8.365 0.2000000030
23396  -26.196  -92.266  -0.632 0.2000000030
23344  -25.312  -91.200  0.096 0.1000000015
23545  -28.424  -94.739  -4.123 0.3000000119
23446  -28.186  -92.724  -2.139 0.1000000015
23730  -28.308  -94.888  -11.826 0.2000000030
23445  -28.208  -92.142  -3.280 0.1000000015
23818  -27.144  -95.485  -14.507 0.2000000030
23774  -28.429  -94.765  -13.277 0.2000000030
23901  -26.140  -93.244  -15.819 0.4000000060
24091  -25.123  -88.522  -13.661 0.4000000060
24840  -13.507  -96.716  16.398 0.4000000060
25145  -9.730  -92.917  23.852 0.3000000119
24893  -12.847  -95.736  16.731 0.5000000000
23242  -24.388  -93.541  8.069 0.2000000030
23292  -23.852  -90.655  1.983 0.1000000015
23592  -28.176  -94.479  -6.700 0.2000000030
23685  -28.067  -94.711  -10.096 0.2000000030
23544  -28.362  -94.164  -5.233 0.2000000030
23495  -28.274  -93.250  -4.160 0.2000000030
23817  -28.148  -94.195  -14.404 0.3000000119
23859  -27.855  -93.144  -15.226 0.3000000119
24092  -24.098  -89.843  -12.518 0.4000000060
24018  -25.634  -90.092  -13.394 0.4000000060
24055  -25.438  -89.116  -13.270 0.4000000060
25098  -11.454  -93.150  23.622 0.3000000119
25146  -10.700  -92.653  24.796 0.3000000119
24786  -14.428  -97.324  16.174 0.5000000000
23144  -15.651  -97.764  15.835 0.4000000060
25193  -10.013  -92.003  26.097 0.4000000060
25192  -9.037  -92.141  25.138 0.4000000060
23241  -23.975  -92.740  6.902 0.2000000030
23291  -24.738  -89.948  1.126 0.1000000015
23343  -26.788  -90.613  -0.601 0.1000000015
23900  -27.420  -91.989  -15.190 0.3000000119
23940  -27.182  -90.904  -14.540 0.4000000060
23979  -27.157  -89.748  -13.965 0.4000000060
24090  -26.095  -87.617  -15.004 0.4000000060
25238  -8.306  -91.385  26.192 0.3000000119
25191  -8.702  -91.658  23.869 0.4000000060
15000  -26.132  -93.625  9.224 0.1000000015
23240  -23.731  -91.734  5.693 0.2000000030
23239  -23.841  -90.735  4.643 0.1000000015
23238  -24.149  -89.815  3.470 0.1000000015
23237  -24.718  -88.782  2.391 0.1000000015
23290  -26.055  -89.310  0.292 0.1000000015
23684  -29.331  -93.712  -10.627 0.2000000030
23729  -29.461  -93.853  -11.976 0.2000000030
23773  -29.414  -93.566  -13.200 0.2000000030
23816  -29.347  -92.744  -14.317 0.2000000030
23858  -29.053  -91.679  -15.023 0.3000000119
23899  -28.726  -90.718  -15.002 0.3000000119
25099  -12.351  -92.007  23.976 0.3000000119
25237  -7.954  -90.753  24.938 0.4000000060
15001  -25.560  -92.620  8.198 0.2000000030
15002  -25.067  -91.453  7.052 0.2000000030
23494  -28.571  -92.471  -5.243 0.1000000015
23815  -30.564  -91.292  -14.489 0.2000000030
24089  -27.274  -86.551  -15.885 0.2000000030
25050  -13.036  -92.388  22.639 0.3000000119
11849  -13.278  -90.828  23.749 0.2000000030
12121  -14.527  -90.217  23.090 0.2000000030
25282  -7.239  -89.811  25.773 0.4000000060
25190  -8.844  -90.656  22.515 0.4000000060
25236  -8.117  -89.688  23.526 0.4000000060
15003  -24.816  -90.195  5.965 0.1000000015
23591  -29.008  -93.357  -7.776 0.2000000030
23638  -29.149  -93.511  -9.146 0.2000000030
23236  -25.613  -87.977  1.342 0.1000000015
23289  -27.439  -88.783  -0.670 0.1000000015
23772  -30.467  -92.005  -13.285 0.2000000030
23939  -28.649  -89.672  -14.689 0.4000000060
24017  -26.967  -88.710  -13.976 0.3000000119
24054  -26.544  -88.061  -14.451 0.3000000119
24053  -27.676  -87.303  -15.563 0.2000000030
11850  -13.876  -91.149  22.422 0.2000000030
25283  -7.540  -90.553  27.086 0.3000000119
15058  -26.307  -90.377  7.188 0.1000000015
15057  -26.765  -91.784  8.232 0.1000000015
15004  -24.901  -89.086  4.944 0.1000000015
15005  -25.152  -87.915  3.742 0.1000000015
23543  -28.793  -93.093  -6.493 0.1000000015
23444  -28.265  -91.599  -4.370 0.1000000015
23393  -28.433  -90.518  -3.471 0.1000000015
23728  -30.491  -92.511  -12.066 0.2000000030
23683  -30.570  -92.716  -10.938 0.2000000030
23637  -30.620  -92.692  -9.657 0.2000000030
23727  -31.836  -90.829  -12.142 0.2000000030
23978  -28.498  -88.652  -14.588 0.3000000119
24016  -28.116  -87.852  -15.053 0.3000000119
24052  -28.967  -86.259  -16.339 0.2000000030
25326  -6.642  -88.805  26.719 0.3000000119
25327  -6.817  -89.611  28.004 0.3000000119
15059  -26.020  -89.023  6.220 0.1000000015
23636  -32.176  -91.685  -9.964 0.2000000030
23857  -30.415  -90.516  -15.297 0.2000000030
23682  -31.962  -91.207  -10.905 0.2000000030
23898  -30.253  -89.692  -15.391 0.2000000030
23771  -32.048  -90.619  -13.616 0.2000000030
23814  -32.154  -90.262  -14.922 0.2000000030
23977  -29.693  -87.832  -15.547 0.2000000030
24015  -29.215  -87.077  -16.033 0.2000000030
24088  -28.906  -85.179  -15.975 0.1000000015
25369  -6.261  -87.660  27.584 0.2000000030
15113  -27.628  -89.190  7.129 0.1000000015
15060  -26.023  -87.706  5.238 0.1000000015
15006  -25.786  -86.890  2.537 0.1000000015
23235  -26.868  -87.352  0.297 0.1000000015
23590  -30.358  -92.408  -8.448 0.2000000030
23938  -30.076  -88.759  -15.366 0.2000000030
23897  -31.755  -88.757  -16.008 0.1000000015
23856  -31.932  -89.660  -15.749 0.1000000015
23813  -33.908  -89.265  -15.172 0.2000000030
23770  -33.897  -89.500  -13.973 0.2000000030
23937  -31.406  -87.843  -16.129 0.1000000015
23976  -30.922  -86.904  -16.342 0.1000000015
23896  -33.316  -87.591  -16.402 0.1000000015
23855  -33.632  -88.532  -16.028 0.2000000030
24014  -30.693  -85.946  -16.540 0.1000000015
23854  -35.071  -87.171  -16.084 0.1000000015
23812  -35.464  -87.970  -15.367 0.2000000030
23895  -34.785  -86.155  -16.424 0.1000000015
15114  -27.330  -87.785  6.356 0.1000000015
23493  -29.510  -91.259  -6.411 0.1000000015
23542  -29.983  -91.885  -7.382 0.1000000015
23589  -32.131  -91.626  -8.918 0.2000000030
23726  -33.739  -89.481  -12.431 0.2000000030
23681  -33.666  -89.655  -10.883 0.2000000030
23769  -35.741  -88.349  -14.119 0.2000000030
23975  -32.613  -85.525  -16.379 0.1000000015
23936  -32.899  -86.559  -16.572 0.1000000015
24051  -30.820  -84.966  -16.168 0.1000000015
24087  -30.906  -84.086  -15.313 0.1000000015
23935  -34.511  -85.065  -16.303 0.1000000015
23811  -36.779  -86.622  -15.250 0.1000000015
24123  -29.055  -84.296  -15.070 0.1000000015
23853  -36.451  -85.874  -15.819 0.1000000015
15061  -26.351  -86.445  4.010 0.1000000015
15007  -26.806  -86.056  1.404 0.1000000015
23392  -29.056  -89.685  -4.590 0.1000000015
23635  -33.935  -90.307  -9.873 0.2000000030
24013  -32.580  -84.516  -16.048 0.1000000015
23974  -34.211  -84.087  -15.768 0.1000000015
23768  -37.352  -87.085  -14.090 0.1000000015
23934  -35.954  -83.841  -15.459 0.1000000015
23810  -38.366  -85.462  -14.935 0.1000000015
23894  -36.257  -84.842  -15.804 0.1000000015
23541  -31.807  -91.073  -7.944 0.2000000030
23588  -34.042  -90.820  -9.151 0.2000000030
23680  -35.550  -88.385  -11.151 0.1000000015
23725  -35.724  -88.319  -12.715 0.1000000015
23973  -35.803  -82.811  -15.000 0.1000000015
23724  -37.489  -87.291  -12.779 0.1000000015
23893  -37.864  -83.484  -15.036 0.1000000015
23852  -38.059  -84.600  -15.201 0.1000000015
15062  -27.037  -85.335  2.878 0.1000000015
23492  -31.260  -90.268  -7.101 0.2000000030
23540  -33.913  -90.640  -8.195 0.2000000030
23634  -35.626  -88.914  -9.882 0.1000000015
23933  -37.611  -82.298  -14.761 0.1000000015
23491  -33.523  -89.759  -7.478 0.2000000030
23851  -39.801  -82.990  -14.505 0.1000000015
25834  -16.649  -74.797  17.926 0.1000000015
25863  -18.244  -73.636  18.344 0.1000000015
25740  -11.783  -74.699  18.741 0.2000000030
25772  -13.272  -74.578  17.893 0.1000000015
25804  -14.806  -75.552  18.026 0.1000000015
25803  -14.984  -74.363  17.214 0.1000000015
25833  -16.886  -73.814  17.024 0.1000000015
23183  -12.580  -75.454  -8.388 0.4000000060
25672  -8.962  -74.114  19.149 0.4000000060
25707  -10.328  -74.959  19.482 0.2000000030
25862  -18.523  -72.824  17.453 0.1000000015
25706  -10.475  -73.637  18.664 0.3000000119
25739  -12.027  -73.384  18.108 0.2000000030
25771  -13.548  -73.245  17.272 0.2000000030
25802  -15.228  -73.144  16.535 0.2000000030
25637  -7.481  -74.509  19.923 0.4000000060
25705  -10.558  -72.530  17.679 0.3000000119
25832  -17.037  -72.738  16.293 0.1000000015
25738  -12.206  -72.198  17.253 0.4000000060
25770  -13.821  -72.024  16.652 0.3000000119
25801  -15.489  -71.870  15.991 0.3000000119
25636  -7.219  -73.329  18.759 0.4000000060
25671  -8.846  -72.978  18.025 0.4000000060
25861  -18.761  -71.906  16.729 0.1000000015
24746  -11.928  -72.866  -8.862 0.3000000119
23184  -13.016  -74.006  -9.125 0.4000000060
25800  -15.732  -70.522  15.644 0.3000000119
25831  -17.269  -71.497  15.791 0.3000000119
24800  -11.622  -72.055  -7.817 0.3000000119
25830  -17.376  -70.246  15.471 0.3000000119
24745  -13.271  -71.089  -8.704 0.3000000119
23185  -14.060  -72.087  -9.413 0.2000000030
24680  -15.354  -72.814  -9.553 0.2000000030
25856  -19.733  -67.326  14.233 0.3000000119
25855  -20.041  -66.840  13.556 0.3000000119
25826  -18.325  -67.246  13.085 0.4000000060
25854  -20.292  -66.306  12.918 0.2000000030
25853  -20.479  -65.754  12.218 0.3000000119
24679  -17.349  -71.468  -10.196 0.2000000030
24690  -16.225  -70.752  -9.878 0.2000000030
25885  -21.084  -67.137  15.679 0.2000000030
25912  -22.005  -65.612  16.735 0.2000000030
25827  -18.084  -67.492  14.021 0.3000000119
25884  -21.210  -66.412  15.096 0.2000000030
25852  -20.568  -65.274  11.512 0.3000000119
24799  -13.416  -70.929  -7.385 0.4000000060
23186  -15.032  -69.978  -9.385 0.2000000030
25857  -19.498  -67.858  14.935 0.3000000119
25883  -21.310  -65.601  14.482 0.2000000030
25882  -21.209  -64.830  13.841 0.2000000030
25851  -20.638  -64.911  10.701 0.3000000119
25786  -24.011  -67.706  7.854 0.6000000238
24798  -15.197  -69.851  -6.816 0.4000000060
24689  -17.915  -69.194  -10.594 0.2000000030
24678  -18.960  -70.046  -10.980 0.2000000030
24851  -15.562  -69.930  -5.124 0.4000000060
24744  -14.747  -69.601  -8.155 0.3000000119
24699  -16.817  -68.632  -10.086 0.2000000030
25909  -21.318  -63.234  14.780 0.2000000030
25881  -21.062  -64.203  13.184 0.3000000119
25879  -20.700  -63.414  11.605 0.1000000015
25880  -20.860  -63.729  12.393 0.2000000030
25878  -20.703  -63.100  10.768 0.1000000015
25877  -20.971  -63.012  9.960 0.1000000015
24698  -18.310  -67.120  -10.941 0.2000000030
25908  -20.939  -62.667  13.990 0.1000000015
25907  -20.608  -62.218  13.157 0.1000000015
25906  -20.371  -61.861  12.278 0.1000000015
24955  -14.100  -69.480  -2.873 0.5000000000
24903  -15.357  -69.115  -3.771 0.4000000060
24797  -16.368  -68.706  -6.082 0.4000000060
24743  -16.117  -68.392  -7.540 0.3000000119
23187  -15.987  -68.255  -9.002 0.2000000030
24707  -17.308  -66.846  -9.916 0.2000000030
25934  -20.292  -61.112  14.676 0.1000000015
25933  -19.988  -60.734  13.742 0.1000000015
24850  -16.384  -68.430  -4.647 0.4000000060
25935  -20.813  -61.648  15.548 0.1000000015
24742  -17.234  -67.248  -7.077 0.3000000119
23188  -16.992  -67.039  -8.582 0.3000000119
24714  -18.181  -65.247  -9.444 0.2000000030
24954  -14.636  -67.692  -2.974 0.5000000000
24902  -15.733  -67.481  -3.858 0.4000000060
24796  -17.251  -67.406  -5.670 0.4000000060
24849  -16.746  -66.811  -4.552 0.4000000060
24953  -14.885  -66.011  -3.617 0.3000000119
23189  -17.969  -65.849  -8.110 0.3000000119
93  -18.284  -56.831  8.611 0.2000000030
1285  -19.574  -56.252  7.590 0.3000000119
24901  -15.854  -65.676  -4.393 0.3000000119
24952  -15.085  -64.188  -4.316 0.3000000119
1343  -21.826  -55.773  6.082 0.5000000000
1344  -20.916  -54.511  5.486 0.3000000119
1371  -21.898  -54.903  4.666 0.3000000119
1345  -19.900  -53.288  4.633 0.2000000030
1372  -20.804  -53.614  3.968 0.2000000030
1398  -21.561  -53.846  3.289 0.3000000119
1399  -20.498  -52.347  2.545 0.3000000119
1471  -22.110  -52.650  0.329 0.5000000000
1448  -21.735  -52.500  1.136 0.4000000060
1286  -19.070  -55.182  7.085 0.4000000060
23460  -16.622  -98.534  14.843 0.5000000000
24012  -34.176  -83.146  -15.191 0.1000000015
1316  -19.753  -54.259  6.016 0.3000000119
23989  -17.187  -99.453  -8.105 0.1000000015
23950  -17.545  -100.470  -6.693 0.1000000015
23954  -10.347  -100.805  0.576 0.2000000030
23953  -12.062  -101.206  -1.572 0.2000000030
23912  -13.662  -102.036  -2.141 0.1000000015
23952  -14.043  -101.747  -3.478 0.1000000015
23991  -14.584  -100.789  -4.211 0.1000000015
23951  -15.939  -101.538  -5.142 0.1000000015
23994  -9.936  -99.879  2.075 0.1000000015
23156  -8.662  -99.830  4.165 0.2000000030
24203  -12.227  -96.979  -11.265 0.1000000015
24204  -12.807  -96.536  -9.721 0.1000000015
24297  -9.705  -95.154  -10.331 0.4000000060
25084  -4.748  -91.194  8.385 0.1000000015
24327  -8.739  -94.820  -9.624 0.2000000030
24298  -9.460  -95.337  -9.292 0.1000000015
24383  -7.475  -93.743  -9.685 0.2000000030
25131  -5.142  -89.012  8.557 0.1000000015
25178  -4.959  -87.180  9.772 0.2000000030
25268  -6.442  -84.147  11.611 0.1000000015
25223  -6.257  -85.884  10.665 0.1000000015
25313  -5.549  -81.978  12.142 0.1000000015
25312  -6.681  -82.398  11.984 0.1000000015
25267  -7.471  -84.539  11.520 0.1000000015
25356  -5.462  -80.315  12.191 0.1000000015
25311  -7.664  -82.634  11.921 0.1000000015
25355  -6.640  -80.485  12.009 0.1000000015
25527  -4.510  -78.518  22.779 0.4000000060
25526  -4.256  -77.529  21.697 0.4000000060
25114  -4.435  -79.492  2.622 0.2000000030
25162  -5.484  -79.570  3.040 0.2000000030
25066  -4.281  -80.838  1.785 0.2000000030
25438  -6.604  -77.034  11.890 0.1000000015
25479  -5.304  -74.843  11.753 0.2000000030
25478  -6.840  -75.428  12.079 0.1000000015
25477  -8.407  -76.296  12.480 0.1000000015
25476  -9.942  -77.128  12.802 0.1000000015
25475  -11.525  -77.890  12.864 0.1000000015
25516  -9.181  -74.724  12.765 0.1000000015
25515  -10.739  -75.585  13.138 0.1000000015
25517  -7.555  -73.841  12.257 0.1000000015
25514  -12.285  -76.478  12.959 0.1000000015
25556  -7.066  -71.634  11.207 0.1000000015
25555  -8.790  -72.422  11.811 0.1000000015
25554  -10.354  -73.279  12.358 0.1000000015
25553  -11.810  -74.166  12.632 0.1000000015
25593  -8.674  -70.535  10.505 0.1000000015
25252  -5.846  -75.311  4.437 0.2000000030
25592  -10.235  -71.387  11.032 0.1000000015
25829  -17.571  -69.127  15.181 0.3000000119
25591  -11.605  -72.151  11.382 0.1000000015
25629  -10.217  -69.654  9.521 0.3000000119
25628  -11.571  -70.449  9.895 0.1000000015
25627  -12.884  -71.166  10.249 0.1000000015
24795  -17.790  -65.838  -5.453 0.3000000119
24794  -18.410  -64.206  -5.278 0.2000000030
25664  -11.612  -68.665  8.409 0.3000000119
25663  -12.967  -69.545  8.381 0.3000000119
25697  -14.224  -68.626  7.371 0.3000000119
25662  -14.109  -70.331  8.781 0.2000000030
25696  -15.411  -69.337  7.450 0.4000000060
24739  -19.859  -63.464  -5.758 0.2000000030
25728  -17.762  -68.930  7.514 0.4000000060
25725  -20.708  -70.557  8.143 0.4000000060
25724  -21.717  -71.098  7.614 0.3000000119
24848  -17.041  -64.893  -4.845 0.3000000119
25756  -22.540  -69.477  7.937 0.4000000060
25755  -23.508  -69.613  7.414 0.3000000119
25754  -24.343  -69.417  6.740 0.3000000119
117  -15.018  -58.605  -4.719 0.1000000015
1255  -17.905  -55.847  8.178 0.2000000030
1256  -17.517  -54.985  7.489 0.1000000015
1287  -18.416  -54.074  6.456 0.1000000015
1424  -21.195  -52.401  1.860 0.2000000030
1449  -20.485  -50.899  0.537 0.3000000119
1472  -20.998  -50.887  -0.168 0.4000000060
1515  -21.416  -50.969  -1.628 0.4000000060
24356  -7.998  -94.334  -9.114 0.1000000015
24384  -7.387  -93.704  -8.693 0.1000000015
25828  -17.789  -68.063  14.730 0.3000000119
1692  -14.610  -56.444  -5.062 0.2000000030
1494  -21.323  -50.927  -0.919 0.4000000060
23990  -16.094  -100.300  -6.224 0.1000000015
25552  -13.271  -75.123  12.423 0.1000000015
24267  -10.350  -95.966  -10.286 0.1000000015
24236  -11.462  -96.461  -10.074 0.1000000015
25239  -9.192  -91.428  27.274 0.3000000119
24410  -6.646  -92.968  -9.220 0.1000000015
24760  -5.500  -91.347  -6.593 0.1000000015
24814  -5.557  -90.608  -4.886 0.1000000015
24916  -4.146  -84.396  -1.740 0.1000000015
25018  -5.170  -83.163  0.474 0.1000000015
25067  -5.166  -82.093  1.534 0.1000000015
25068  -6.412  -83.123  1.097 0.1000000015
25017  -4.259  -82.021  0.798 0.2000000030
25116  -6.406  -82.043  2.011 0.1000000015
25117  -7.724  -82.949  1.628 0.1000000015
25115  -5.173  -80.901  2.389 0.1000000015
25164  -7.795  -81.860  2.274 0.1000000015
25163  -6.464  -80.805  2.631 0.1000000015
25209  -6.925  -79.440  3.153 0.1000000015
25208  -6.029  -78.162  3.666 0.1000000015
25254  -7.509  -78.172  3.648 0.1000000015
25207  -5.139  -76.654  4.101 0.1000000015
25253  -6.577  -76.837  4.127 0.1000000015
25297  -7.507  -75.532  4.099 0.1000000015
25424  -12.045  -73.938  2.880 0.1000000015
25464  -13.666  -73.350  2.576 0.1000000015
25381  -9.515  -71.871  3.126 0.1000000015
25423  -11.621  -72.577  2.666 0.1000000015
25379  -9.008  -68.788  3.191 0.2000000030
25422  -11.263  -71.148  2.624 0.1000000015
25463  -13.440  -72.014  2.346 0.1000000015
25338  -7.491  -71.202  3.799 0.1000000015
25904  -20.336  -61.925  10.318 0.1000000015
25459  -14.131  -66.733  1.290 0.2000000030
25978  -16.574  -58.887  10.105 0.1000000015
25977  -16.743  -58.184  9.912 0.1000000015
25952  -18.524  -58.489  9.234 0.1000000015
25976  -16.767  -57.388  9.714 0.1000000015
25497  -17.614  -64.774  0.354 0.1000000015
25536  -19.644  -65.075  0.411 0.1000000015
25951  -18.447  -57.732  8.991 0.1000000015
92  -16.636  -56.443  9.385 0.1000000015
1400  -19.072  -50.936  1.736 0.2000000030
1473  -19.335  -49.181  -0.702 0.1000000015
1554  -21.081  -51.081  -3.044 0.3000000119
26000  -14.975  -57.264  10.156 0.1000000015
1450  -18.738  -49.311  -0.174 0.1000000015
23409  -17.400  -97.775  15.870 0.3000000119
23356  -19.438  -97.235  15.827 0.3000000119
23357  -18.200  -96.654  16.427 0.3000000119
23143  -16.317  -96.880  16.644 0.3000000119
23303  -20.176  -95.924  16.082 0.2000000030
23302  -21.713  -96.446  15.595 0.2000000030
23142  -17.126  -95.684  16.863 0.3000000119
23304  -18.855  -95.275  16.146 0.3000000119
23141  -17.731  -94.430  16.490 0.3000000119
24787  -15.059  -96.484  17.049 0.3000000119
25448  -3.752  -81.502  23.237 0.3000000119
25529  -4.319  -80.432  25.749 0.2000000030
25567  -5.143  -79.190  25.379 0.2000000030
25490  -4.232  -81.882  25.733 0.3000000119
25489  -4.184  -80.992  24.257 0.2000000030
25528  -4.602  -79.503  24.138 0.2000000030
25566  -5.416  -78.345  23.786 0.3000000119
25603  -6.632  -77.716  23.053 0.3000000119
25565  -5.357  -77.315  22.357 0.3000000119
25602  -6.476  -76.537  21.812 0.3000000119
25488  -4.051  -79.997  23.044 0.3000000119
25604  -6.497  -78.573  24.652 0.2000000030
25639  -7.881  -77.351  22.030 0.3000000119
25638  -7.736  -75.898  20.921 0.3000000119
25568  -4.823  -79.942  26.911 0.1000000015
25640  -7.878  -78.373  23.554 0.2000000030
25674  -9.036  -76.908  20.980 0.3000000119
25605  -6.106  -79.256  26.095 0.1000000015
25673  -8.985  -75.407  20.093 0.3000000119
25601  -6.166  -75.190  20.825 0.3000000119
25860  -18.935  -70.826  16.207 0.2000000030
25859  -19.139  -69.762  15.819 0.2000000030
25858  -19.264  -68.705  15.404 0.2000000030
24740  -18.833  -64.887  -6.409 0.2000000030
24741  -18.043  -66.119  -6.755 0.2000000030
23191  -20.116  -63.786  -7.034 0.1000000015
23192  -21.276  -62.516  -6.230 0.1000000015
23190  -18.913  -64.727  -7.759 0.2000000030
24720  -19.304  -64.053  -8.867 0.1000000015
24725  -20.593  -63.140  -8.166 0.1000000015
24729  -21.809  -62.143  -7.257 0.1000000015
24793  -19.255  -62.538  -5.053 0.1000000015
24738  -20.726  -61.850  -5.256 0.1000000015
23193  -22.169  -60.981  -5.666 0.1000000015
24732  -22.914  -60.819  -6.433 0.1000000015
24847  -17.770  -63.142  -5.076 0.1000000015
24900  -16.290  -63.773  -4.969 0.1000000015
25003  -14.241  -64.269  -3.508 0.2000000030
1317  -18.774  -53.138  5.196 0.1000000015
1346  -18.707  -52.142  3.718 0.1000000015
1373  -19.630  -52.249  3.162 0.1000000015
1516  -20.050  -48.932  -1.930 0.2000000030
1536  -20.213  -48.777  -2.602 0.2000000030
1555  -20.208  -48.594  -3.262 0.2000000030
25751  -26.245  -66.986  4.834 0.3000000119
25147  -11.790  -91.757  25.361 0.2000000030
25000  -13.687  -92.741  21.493 0.2000000030
25240  -10.371  -90.904  27.720 0.2000000030
25194  -11.204  -91.384  26.596 0.2000000030
25284  -8.355  -90.764  28.132 0.2000000030
25285  -9.459  -90.330  28.691 0.2000000030
11848  -12.776  -90.624  25.204 0.2000000030
11845  -10.435  -89.473  28.540 0.2000000030
11846  -11.337  -90.002  27.579 0.2000000030
11847  -12.116  -90.379  26.462 0.2000000030
25329  -8.607  -89.534  29.468 0.2000000030
25328  -7.630  -89.891  29.038 0.2000000030
11844  -9.586  -88.692  29.326 0.1000000015
12268  -12.352  -89.014  26.723 0.1000000015
25372  -7.951  -88.596  30.361 0.1000000015
12361  -10.702  -87.755  28.470 0.1000000015
12315  -11.514  -88.506  27.591 0.1000000015
25414  -7.367  -87.630  31.185 0.1000000015
12406  -10.030  -86.905  29.394 0.1000000015
25371  -7.054  -88.834  29.901 0.2000000030
25370  -6.376  -88.523  28.850 0.2000000030
12316  -11.874  -86.868  27.633 0.1000000015
23442  -30.794  -89.396  -6.325 0.1000000015
23443  -29.143  -90.534  -5.459 0.1000000015
25451  -4.941  -83.945  27.110 0.1000000015
24316  -23.456  -83.620  -11.615 0.1000000015
25450  -4.714  -83.100  25.563 0.2000000030
25491  -4.252  -82.719  27.310 0.1000000015
24315  -25.107  -82.629  -11.476 0.1000000015
24285  -26.461  -82.587  -12.103 0.1000000015
24314  -27.195  -81.883  -10.814 0.1000000015
24255  -25.905  -83.129  -13.142 0.1000000015
24254  -28.222  -82.485  -12.307 0.1000000015
24284  -28.671  -81.739  -11.177 0.1000000015
24313  -29.179  -80.710  -10.316 0.1000000015
25694  -17.509  -70.330  8.354 0.3000000119
25695  -16.495  -69.818  7.869 0.3000000119
25727  -18.646  -69.332  8.011 0.3000000119
25661  -15.240  -70.889  9.185 0.2000000030
25726  -19.619  -69.872  8.349 0.3000000119
25675  -9.084  -78.183  22.341 0.2000000030
11843  -8.877  -87.736  30.188 0.1000000015
25660  -16.375  -71.569  9.399 0.2000000030
25723  -22.626  -71.430  6.937 0.2000000030
25722  -23.455  -71.330  6.176 0.2000000030
25693  -18.617  -71.096  8.511 0.2000000030
25692  -19.788  -71.899  8.175 0.2000000030
25753  -25.067  -68.903  5.986 0.2000000030
25721  -24.161  -71.005  5.333 0.2000000030
25688  -22.960  -72.811  4.883 0.2000000030
25720  -24.806  -70.291  4.587 0.1000000015
25687  -23.442  -72.303  4.031 0.1000000015
25752  -25.687  -68.120  5.330 0.2000000030
25686  -23.915  -71.452  3.346 0.1000000015
25719  -25.367  -69.318  3.950 0.1000000015
25685  -24.538  -70.149  2.807 0.1000000015
25718  -25.881  -67.903  3.571 0.1000000015
25684  -25.182  -68.578  2.451 0.1000000015
25717  -26.246  -66.480  3.193 0.1000000015
25683  -25.547  -66.983  2.046 0.1000000015
25647  -24.614  -65.568  0.800 0.1000000015
25611  -23.246  -65.465  0.446 0.1000000015
25574  -21.551  -65.282  0.345 0.1000000015
25413  -6.534  -87.727  30.715 0.1000000015
11851  -14.424  -91.476  21.114 0.1000000015
11852  -15.008  -91.736  19.903 0.1000000015
12220  -13.184  -89.428  25.675 0.1000000015
12171  -13.815  -89.839  24.423 0.1000000015
12070  -15.092  -90.430  21.858 0.1000000015
11853  -15.740  -91.810  18.919 0.1000000015
4  -18.460  -92.066  15.612 0.1000000015
12018  -15.555  -90.627  20.645 0.1000000015
23248  -22.174  -95.013  15.401 0.1000000015
11965  -16.025  -90.663  19.501 0.1000000015
11911  -16.698  -90.701  18.476 0.1000000015
11856  -17.504  -90.693  17.382 0.1000000015
13396  -19.335  -90.983  14.922 0.1000000015
12071  -15.578  -89.407  22.313 0.1000000015
12019  -16.257  -89.564  21.279 0.1000000015
11799  -18.345  -90.591  16.186 0.1000000015
11967  -17.125  -88.341  20.623 0.1000000015
11966  -16.632  -89.477  20.132 0.1000000015
11857  -17.601  -89.117  17.978 0.1000000015
11912  -17.017  -89.331  19.033 0.1000000015
25709  -10.258  -77.836  21.294 0.1000000015
25742  -11.669  -77.527  20.389 0.1000000015
24624  -21.390  -72.471  -6.254 0.1000000015
25708  -10.242  -76.480  20.183 0.1000000015
25741  -11.586  -76.188  19.358 0.1000000015
24685  -24.313  -63.671  -8.551 0.1000000015
24676  -22.044  -67.041  -9.905 0.1000000015
24674  -25.219  -64.735  -7.227 0.1000000015
24675  -23.572  -65.787  -8.484 0.1000000015
24686  -22.738  -64.693  -9.944 0.1000000015
25888  -20.412  -69.744  17.263 0.1000000015
24684  -25.992  -62.761  -7.335 0.1000000015
24687  -21.248  -66.143  -11.117 0.1000000015
25887  -20.654  -68.815  16.774 0.1000000015
24688  -19.611  -67.772  -11.285 0.1000000015
25886  -20.895  -67.893  16.260 0.1000000015
24694  -25.096  -61.625  -8.503 0.1000000015
24693  -26.766  -60.826  -7.280 0.1000000015
24695  -23.416  -62.390  -9.833 0.1000000015
24696  -21.715  -63.461  -10.905 0.1000000015
24697  -20.033  -65.279  -11.390 0.1000000015
24705  -20.531  -62.957  -10.795 0.1000000015
25913  -21.931  -66.479  17.347 0.1000000015
24702  -25.768  -59.747  -8.253 0.1000000015
24703  -24.050  -60.300  -9.300 0.1000000015
24704  -22.184  -61.123  -10.294 0.1000000015
24706  -18.890  -64.900  -10.659 0.1000000015
25911  -21.871  -64.739  16.106 0.1000000015
25910  -21.638  -63.963  15.462 0.1000000015
25689  -22.362  -73.033  5.790 0.1000000015
25002  -14.720  -62.467  -4.212 0.1000000015
25051  -14.266  -60.533  -4.051 0.1000000015
1495  -19.727  -49.040  -1.308 0.1000000015
1556  -17.951  -46.069  -3.461 0.1000000015
25691  -20.745  -72.541  7.560 0.1000000015
25659  -17.560  -72.455  9.205 0.1000000015
25658  -18.715  -73.303  8.648 0.1000000015
25690  -21.587  -72.945  6.708 0.1000000015
1517  -17.705  -46.810  -2.364 0.1000000015
1537  -17.817  -46.403  -2.901 0.1000000015
