#!ascii label  , from subject 32k_fs_LR vox2ras=TkReg
1443
19106  39.579  23.439  22.231 0.2000000030
19142  38.650  22.679  22.552 0.3000000119
19141  38.299  21.523  21.506 0.2000000030
19105  39.202  22.407  21.329 0.3000000119
19104  39.338  21.192  20.485 0.3000000119
19067  40.252  22.055  20.410 0.2000000030
19140  38.491  20.209  20.713 0.4000000060
19139  39.053  18.859  20.357 0.5000000000
19103  39.784  19.934  20.053 0.5000000000
19066  40.649  20.937  19.857 0.4000000060
19138  39.727  17.481  20.286 0.4000000060
19102  40.414  18.638  19.923 0.5000000000
19137  40.495  16.172  20.452 0.4000000060
19101  41.156  17.301  19.921 0.4000000060
19136  41.301  14.930  20.695 0.4000000060
19065  41.202  19.695  19.564 0.5000000000
19099  42.678  14.848  20.675 0.5000000000
19100  41.934  16.028  20.240 0.4000000060
19064  41.849  18.429  19.595 0.5000000000
19095  45.542  10.256  18.301 0.8000000119
19096  45.172  11.126  19.820 0.8999999762
19097  44.440  12.350  20.857 0.8000000119
19098  43.535  13.682  20.936 0.6000000238
19063  42.621  17.138  19.740 0.5000000000
19027  42.154  20.745  19.383 0.4000000060
19057  46.407  10.339  17.307 0.8000000119
19058  46.204  11.267  18.949 0.8999999762
19059  45.807  12.206  20.440 0.8000000119
19060  44.977  13.634  21.015 0.8000000119
19061  44.137  14.810  20.756 0.6999999881
19062  43.361  15.885  20.218 0.5000000000
19025  43.415  18.259  19.289 0.5000000000
19026  42.706  19.511  19.223 0.5000000000
19056  46.723  9.052  15.764 0.6999999881
19023  44.839  15.818  20.305 0.6000000238
19022  45.597  14.809  20.834 0.6999999881
19024  44.124  16.958  19.681 0.5000000000
19020  46.974  12.269  19.588 0.8999999762
19017  47.392  8.999  14.536 0.6999999881
19018  47.125  10.305  16.175 0.8000000119
19019  47.001  11.394  17.844 0.8999999762
19021  46.519  13.427  20.886 0.8000000119
19014  50.315  5.057  10.316 0.6000000238
19015  48.705  6.285  11.458 0.6999999881
19016  47.764  7.741  12.970 0.6999999881
18985  44.913  18.130  19.108 0.5000000000
19053  49.394  5.214  11.852 0.6999999881
18982  47.094  14.740  20.822 0.8999999762
18983  46.252  15.837  20.355 0.6000000238
18984  45.592  16.891  19.626 0.5000000000
18978  47.841  10.185  14.803 0.6999999881
18981  47.812  13.363  20.177 0.8999999762
18977  48.075  8.864  13.080 0.6999999881
18979  47.741  11.425  16.672 0.8999999762
18980  47.837  12.418  18.527 0.8000000119
18975  49.610  6.039  9.991 0.6999999881
18976  48.503  7.459  11.458 0.6999999881
18937  48.504  10.081  13.392 0.6000000238
18935  49.358  7.201  9.901 0.6999999881
18936  48.725  8.728  11.594 0.6000000238
18938  48.499  11.391  15.301 0.8000000119
18939  48.613  12.579  17.297 0.8000000119
18894  49.485  8.505  9.998 0.6000000238
18896  49.104  11.274  13.839 0.8000000119
18895  49.142  9.954  11.869 0.6000000238
18852  49.656  9.741  10.103 0.6000000238
19107  40.325  24.387  23.115 0.2000000030
19068  40.105  23.207  21.055 0.2000000030
19094  45.951  9.107  16.792 0.6999999881
19055  47.164  7.844  14.359 0.6999999881
19052  51.264  4.452  10.953 0.5000000000
19054  47.951  6.507  12.977 0.6999999881
19013  52.377  4.461  9.316 0.6999999881
18941  48.571  14.519  20.428 0.8999999762
18940  48.746  13.397  19.023 0.8999999762
18934  50.605  5.922  8.437 0.6999999881
18893  50.327  7.041  8.332 0.6000000238
19108  41.221  25.127  24.007 0.2000000030
19028  41.671  21.810  19.740 0.3000000119
18987  43.671  20.700  19.086 0.5000000000
18986  44.245  19.430  18.930 0.5000000000
19089  52.423  4.328  11.814 0.6000000238
19088  54.480  4.676  11.111 0.6000000238
19051  53.421  4.401  10.210 0.6000000238
18942  47.861  15.765  20.455 0.6999999881
18974  51.376  5.018  8.650 0.6999999881
18898  49.385  13.548  17.577 0.8000000119
18933  52.444  5.059  6.947 0.6000000238
18897  49.204  12.576  15.771 0.8000000119
18892  51.720  5.908  6.606 0.5000000000
18853  49.609  11.019  12.145 0.6999999881
18850  51.317  6.970  6.474 0.5000000000
18851  50.229  8.267  8.261 0.5000000000
18809  50.058  10.843  10.312 0.6999999881
18849  52.863  6.117  4.714 0.5000000000
18808  50.267  9.488  8.399 0.6000000238
18807  50.991  8.148  6.528 0.5000000000
18763  51.055  9.332  6.501 0.5000000000
19070  41.079  25.153  22.642 0.2000000030
19069  40.494  24.249  21.783 0.2000000030
19030  41.101  23.875  20.773 0.2000000030
19029  41.243  22.888  20.253 0.2000000030
18989  42.711  22.710  19.748 0.3000000119
18988  43.167  21.771  19.295 0.3000000119
18945  45.728  19.394  18.598 0.6000000238
18944  46.405  18.061  18.983 0.6000000238
19087  56.489  5.222  10.317 0.5000000000
19050  55.611  4.881  9.396 0.5000000000
18902  47.986  18.125  19.000 0.6000000238
18943  47.098  16.889  19.611 0.6000000238
19012  54.607  4.571  8.555 0.6000000238
18899  49.604  14.380  19.397 0.8999999762
19011  56.512  4.725  7.800 0.5000000000
18973  53.533  4.546  7.637 0.6000000238
18855  50.153  13.624  15.911 0.8999999762
18972  55.585  4.538  6.895 0.5000000000
18854  49.866  12.311  14.129 0.8000000119
18932  54.571  4.662  5.917 0.6000000238
18891  53.592  5.227  5.158 0.6000000238
18810  50.416  12.098  12.325 0.6999999881
18764  50.690  10.593  8.429 0.8000000119
18848  54.383  5.470  3.620 0.5000000000
18805  53.656  6.382  3.251 0.5000000000
18806  52.250  7.104  4.657 0.5000000000
18718  51.455  10.450  6.448 0.6000000238
18761  52.966  7.283  3.025 0.5000000000
18762  51.920  8.181  4.688 0.5000000000
18717  51.914  9.308  4.614 0.5000000000
18847  55.267  4.585  3.311 0.4000000060
18803  54.767  4.150  2.714 0.4000000060
19072  42.916  26.786  24.098 0.2000000030
19071  41.922  25.998  23.473 0.2000000030
19073  43.993  27.558  24.482 0.1000000015
19034  43.543  27.683  23.284 0.1000000015
19033  42.531  26.859  22.889 0.1000000015
19032  41.810  25.948  22.325 0.2000000030
19031  41.276  24.967  21.501 0.2000000030
18991  42.074  24.713  20.724 0.2000000030
18990  42.355  23.696  20.254 0.2000000030
18949  43.883  23.708  19.951 0.2000000030
18948  44.236  22.806  19.463 0.3000000119
18906  45.889  22.922  19.436 0.3000000119
18905  46.332  21.825  18.976 0.4000000060
18947  44.702  21.804  19.145 0.3000000119
18946  45.208  20.638  18.790 0.4000000060
18904  46.691  20.731  18.409 0.6000000238
18903  47.256  19.460  18.443 0.6000000238
18901  48.620  16.908  19.731 0.6000000238
19049  57.248  4.897  8.729 0.6000000238
18858  50.087  16.880  19.499 0.6999999881
18900  49.270  15.668  20.155 0.8000000119
18857  50.616  15.520  19.385 0.8999999762
18813  51.815  15.457  18.017 0.6999999881
18856  50.473  14.526  17.821 0.8999999762
18812  51.337  14.539  16.100 0.8999999762
18811  50.848  13.337  14.216 0.8999999762
18931  56.089  4.319  5.408 0.6000000238
18890  55.192  4.755  4.422 0.6000000238
18765  50.890  11.779  10.356 0.8999999762
18889  56.037  3.946  4.248 0.6000000238
18719  51.509  11.513  8.417 0.8000000119
18671  52.128  10.427  4.368 0.6000000238
18804  54.527  5.358  2.542 0.5000000000
18760  53.807  6.271  2.005 0.5000000000
18716  52.588  8.262  2.992 0.5000000000
18670  52.348  9.354  2.864 0.5000000000
19035  44.638  28.472  23.493 0.1000000015
18992  41.920  25.781  21.309 0.2000000030
18950  43.387  24.683  20.303 0.2000000030
18951  42.683  25.611  20.513 0.2000000030
18908  44.683  24.894  20.170 0.3000000119
18865  46.170  25.250  19.971 0.3000000119
18907  45.428  23.899  19.877 0.3000000119
18864  46.990  24.248  19.853 0.3000000119
18863  47.547  23.094  19.384 0.4000000060
18861  48.341  20.768  18.339 0.6000000238
18860  48.917  19.434  18.578 0.6000000238
18859  49.505  18.187  18.998 0.6000000238
18814  51.641  16.605  18.971 0.6999999881
18769  53.042  16.409  17.920 0.6999999881
18768  52.759  15.335  16.299 0.8999999762
18767  52.084  14.187  14.269 0.8999999762
18766  51.484  12.867  12.306 0.8999999762
18720  52.079  12.447  10.387 0.8999999762
18672  52.113  11.361  6.271 0.8000000119
18624  52.381  11.276  4.183 0.6999999881
18821  47.674  25.537  19.484 0.2000000030
18909  43.633  25.674  19.926 0.3000000119
18910  42.568  26.259  19.573 0.2000000030
18776  49.165  25.424  18.852 0.3000000119
18820  48.632  24.484  19.553 0.3000000119
18819  49.155  23.179  19.159 0.3000000119
18862  47.912  21.951  18.741 0.5000000000
18817  50.178  20.684  18.533 0.6000000238
18816  50.690  19.396  18.651 0.5000000000
18771  52.542  19.161  18.628 0.6000000238
18770  52.849  17.704  18.532 0.6000000238
18815  51.155  18.000  18.846 0.6999999881
18724  54.286  17.382  17.602 0.5000000000
18723  54.077  16.110  16.277 0.6000000238
18677  55.031  17.110  16.125 0.6000000238
18676  54.724  15.776  14.602 0.6999999881
18722  53.629  14.894  14.464 0.6999999881
18675  54.125  14.322  12.580 0.6999999881
18721  52.818  13.571  12.430 0.8000000119
18674  53.297  13.110  10.375 0.8000000119
18673  52.546  12.224  8.257 0.8999999762
18527  52.164  13.048  4.935 0.8999999762
18627  54.044  13.968  10.547 0.8000000119
18625  52.806  12.177  6.175 0.8999999762
18626  53.520  12.995  8.261 0.8000000119
18729  51.567  24.200  18.771 0.2000000030
18866  44.750  25.804  19.418 0.2000000030
18775  50.059  24.342  19.191 0.2000000030
18867  43.444  26.064  18.718 0.2000000030
18868  42.219  26.495  18.377 0.2000000030
18774  50.749  23.121  18.894 0.2000000030
18773  51.449  21.876  18.690 0.4000000060
18818  49.599  21.952  18.590 0.3000000119
18772  52.099  20.602  18.745 0.4000000060
18726  53.909  20.284  18.551 0.5000000000
18725  54.201  18.801  18.202 0.4000000060
18323  48.097  18.076  11.628 0.6000000238
18429  50.397  17.489  12.747 0.6999999881
18377  49.593  18.918  12.521 0.6000000238
18376  48.917  16.713  11.670 0.6000000238
18322  47.492  16.078  10.463 0.6000000238
18679  55.050  19.960  17.590 0.4000000060
18678  55.204  18.454  17.021 0.4000000060
18428  50.150  15.662  10.975 0.6000000238
18480  51.609  16.395  12.181 0.6000000238
18531  53.149  17.161  13.300 0.6000000238
18530  52.952  15.662  11.456 0.6000000238
18479  51.536  15.111  10.093 0.6000000238
18629  54.992  16.813  14.547 0.6999999881
18628  54.692  15.428  12.899 0.6999999881
18580  54.237  16.300  12.981 0.6999999881
18579  53.939  14.902  10.908 0.6999999881
18529  52.882  14.646  9.156 0.8000000119
18578  53.606  13.861  8.470 0.8000000119
18577  53.103  13.059  6.288 0.8000000119
18682  53.031  23.902  17.774 0.2000000030
18683  51.900  24.876  17.525 0.2000000030
18635  53.152  24.589  16.346 0.2000000030
18728  52.444  23.010  18.653 0.3000000119
18727  53.339  21.696  18.635 0.3000000119
18680  54.675  21.277  17.882 0.4000000060
18324  49.178  19.916  11.408 0.5000000000
18481  51.990  18.179  13.556 0.5000000000
18430  51.108  19.400  13.194 0.5000000000
18631  55.359  19.624  16.290 0.4000000060
18630  55.298  18.253  15.582 0.4000000060
18634  54.168  23.513  16.613 0.2000000030
18681  54.017  22.633  17.901 0.3000000119
18633  54.767  22.277  16.655 0.3000000119
18632  55.198  21.055  16.580 0.3000000119
18378  50.630  20.390  11.979 0.5000000000
18482  52.626  19.797  13.718 0.5000000000
18532  53.489  18.711  14.230 0.5000000000
18582  54.869  19.263  15.037 0.5000000000
18581  54.483  17.784  14.389 0.5000000000
18586  54.092  24.336  15.069 0.2000000030
18585  54.664  23.267  15.171 0.2000000030
18584  54.890  22.077  15.178 0.3000000119
18583  54.979  20.691  15.334 0.3000000119
18533  54.039  20.229  14.330 0.5000000000
18536  54.607  23.941  13.465 0.2000000030
18485  54.609  23.222  12.074 0.2000000030
18535  54.727  22.784  13.672 0.2000000030
18534  54.432  21.571  14.074 0.3000000119
18431  52.049  20.780  12.618 0.5000000000
18325  50.291  21.018  10.642 0.3000000119
18483  53.421  21.116  13.259 0.5000000000
18486  54.467  24.395  11.791 0.2000000030
18434  54.500  23.671  10.553 0.2000000030
18381  53.866  22.958  9.576 0.2000000030
18328  53.453  23.497  8.566 0.2000000030
18273  52.038  23.134  8.172 0.2000000030
18433  54.029  22.576  10.996 0.2000000030
18327  52.622  22.457  8.999 0.2000000030
10114  50.473  22.959  8.015 0.2000000030
18272  51.051  22.147  8.577 0.2000000030
18484  54.172  22.191  12.529 0.2000000030
18432  53.094  21.766  11.780 0.2000000030
18379  51.754  21.412  11.139 0.3000000119
18326  51.433  21.693  9.683 0.3000000119
18271  49.935  21.380  9.300 0.3000000119
18274  52.876  24.250  7.688 0.2000000030
10113  51.361  24.013  7.613 0.2000000030
11491  49.868  24.018  7.709 0.2000000030
11468  48.963  22.956  8.030 0.2000000030
18380  52.898  22.066  10.189 0.2000000030
11445  47.501  22.941  8.091 0.2000000030
10115  49.517  21.949  8.242 0.2000000030
11444  48.077  21.903  8.211 0.2000000030
10112  52.239  24.970  6.836 0.2000000030
11513  50.665  24.992  6.859 0.2000000030
18822  46.308  25.888  18.687 0.2000000030
18268  46.715  17.403  10.562 0.6000000238
18267  46.303  15.938  9.276 0.6000000238
18375  48.776  15.089  9.699 0.6000000238
18528  52.650  13.842  6.815 0.8000000119
18382  54.341  24.157  9.232 0.2000000030
19354  52.443  3.772  20.779 0.3000000119
19355  50.490  3.575  21.027 0.3000000119
19325  51.237  3.653  19.904 0.3000000119
19529  59.411  3.156  24.437 0.2000000030
19551  59.170  3.405  25.818 0.2000000030
19326  49.278  3.584  20.194 0.3000000119
19507  59.641  5.010  24.114 0.2000000030
19324  53.059  3.763  19.469 0.3000000119
19295  49.961  3.663  19.006 0.3000000119
19483  59.886  4.421  22.597 0.2000000030
19458  59.973  3.926  21.155 0.3000000119
19433  59.754  5.298  20.604 0.3000000119
19407  58.828  5.963  20.145 0.3000000119
19294  51.862  3.745  18.644 0.3000000119
19293  53.561  3.903  18.071 0.3000000119
19263  50.625  3.752  17.808 0.3000000119
19264  48.744  3.841  18.135 0.3000000119
19291  57.118  5.011  16.487 0.3000000119
19231  49.462  4.021  17.001 0.3000000119
19259  57.659  5.147  14.929 0.3000000119
19227  56.443  4.946  14.311 0.3000000119
19158  57.852  5.137  11.540 0.3000000119
19193  57.186  5.316  12.850 0.3000000119
19382  53.728  4.125  21.593 0.3000000119
19356  48.456  3.435  21.133 0.3000000119
19591  58.474  1.486  27.082 0.2000000030
19381  55.630  4.724  20.814 0.3000000119
19353  54.218  4.060  20.277 0.3000000119
19296  47.984  3.727  19.300 0.3000000119
19408  57.082  5.655  21.275 0.3000000119
19323  54.745  4.166  18.837 0.3000000119
19459  59.518  5.777  22.079 0.3000000119
19434  58.442  6.167  21.621 0.3000000119
19380  57.479  5.616  19.808 0.3000000119
19352  56.129  4.893  19.415 0.3000000119
19265  46.873  4.235  18.487 0.2000000030
19292  55.265  4.305  17.306 0.3000000119
19262  52.437  3.924  17.273 0.3000000119
19232  47.603  4.415  17.427 0.4000000060
19260  55.852  4.538  15.758 0.3000000119
19261  54.120  4.091  16.541 0.3000000119
19230  51.289  3.900  16.544 0.3000000119
19198  48.298  4.539  16.331 0.4000000060
19229  53.059  4.087  15.958 0.3000000119
19197  50.148  4.138  15.858 0.4000000060
19196  51.965  4.002  15.353 0.3000000119
19123  57.264  5.328  11.040 0.4000000060
19159  56.295  5.226  12.524 0.4000000060
19122  58.165  4.441  10.376 0.3000000119
19048  57.848  3.771  8.415 0.5000000000
19086  57.830  4.807  9.620 0.4000000060
19384  49.798  3.579  22.018 0.3000000119
19385  47.514  3.366  22.037 0.3000000119
19572  58.949  3.425  27.152 0.2000000030
19410  53.214  4.308  22.767 0.3000000119
19383  51.785  3.844  21.930 0.3000000119
19571  58.624  1.523  25.843 0.2000000030
19409  55.171  4.817  22.302 0.3000000119
19327  47.217  3.584  20.382 0.3000000119
19297  46.129  4.099  19.554 0.2000000030
19484  59.217  6.209  23.682 0.3000000119
19233  45.927  5.295  17.894 0.2000000030
19199  46.659  5.385  16.891 0.4000000060
19228  54.719  4.383  15.217 0.3000000119
19164  47.348  5.394  15.796 0.4000000060
19194  55.436  4.791  13.868 0.4000000060
19195  53.726  4.269  14.739 0.3000000119
19162  50.887  4.237  14.671 0.4000000060
19163  49.002  4.611  15.134 0.4000000060
19128  48.046  5.399  14.564 0.4000000060
19160  54.506  4.628  13.499 0.4000000060
19161  52.668  4.167  14.142 0.4000000060
19127  49.659  4.591  13.831 0.4000000060
19126  51.554  4.313  13.281 0.4000000060
19124  55.483  5.052  12.059 0.4000000060
19611  58.574  2.997  29.548 0.2000000030
19411  51.139  3.907  22.933 0.3000000119
19412  48.910  3.542  22.900 0.3000000119
19573  58.494  5.307  28.300 0.2000000030
19592  58.788  3.278  28.398 0.2000000030
19610  58.420  1.390  28.309 0.1000000015
19436  54.708  5.127  23.690 0.3000000119
19552  58.878  5.350  26.997 0.3000000119
19357  46.306  3.474  21.316 0.3000000119
19530  59.267  5.160  25.539 0.3000000119
19435  56.680  5.802  22.816 0.3000000119
19328  45.256  3.985  20.619 0.2000000030
19298  44.363  4.917  19.799 0.2000000030
19266  45.162  5.119  18.847 0.3000000119
19165  45.974  6.551  16.558 0.6000000238
19129  46.741  6.516  15.513 0.5000000000
19092  47.383  6.514  14.307 0.6000000238
19125  53.485  4.477  12.754 0.4000000060
19090  50.392  4.540  12.478 0.4000000060
19091  48.659  5.354  13.245 0.5000000000
19593  58.149  5.034  29.435 0.2000000030
19462  54.135  5.594  25.005 0.3000000119
19437  52.688  4.583  23.965 0.3000000119
19438  50.447  4.015  23.919 0.3000000119
19461  56.183  6.122  24.387 0.3000000119
19386  45.326  3.431  22.093 0.3000000119
19358  44.252  3.934  21.419 0.3000000119
19460  58.080  6.444  23.218 0.3000000119
19329  43.438  4.889  20.731 0.2000000030
19234  44.498  6.583  18.495 0.5000000000
19200  45.240  6.552  17.520 0.6000000238
19130  45.754  7.823  16.548 0.6000000238
19093  46.523  7.800  15.517 0.6000000238
19612  57.796  4.522  30.411 0.2000000030
19463  51.884  4.917  25.102 0.3000000119
19439  48.014  3.586  23.716 0.3000000119
19486  55.579  6.624  25.813 0.3000000119
19413  46.601  3.372  22.857 0.3000000119
19414  44.432  3.502  22.808 0.3000000119
19508  58.811  6.492  25.213 0.3000000119
19531  58.297  6.793  26.764 0.3000000119
19387  43.364  3.940  22.079 0.2000000030
19485  57.658  6.837  24.863 0.3000000119
19415  42.419  4.110  22.737 0.2000000030
19267  43.809  6.234  19.329 0.3000000119
19359  42.502  4.882  21.498 0.2000000030
19388  41.437  5.014  22.145 0.2000000030
19166  44.956  7.866  17.438 0.5000000000
19631  55.801  4.536  31.222 0.2000000030
19613  56.188  5.442  30.721 0.2000000030
19574  57.266  6.784  29.368 0.2000000030
19553  57.763  6.950  28.199 0.3000000119
19487  53.289  6.054  26.259 0.3000000119
19464  49.457  4.242  24.851 0.3000000119
19440  45.598  3.472  23.622 0.3000000119
19441  43.427  3.698  23.515 0.2000000030
19442  41.361  4.140  23.412 0.2000000030
19299  42.957  6.050  20.235 0.3000000119
19416  40.358  4.972  22.820 0.2000000030
19443  39.292  4.828  23.526 0.2000000030
19131  45.115  9.145  17.784 0.6000000238
19201  44.251  7.892  18.437 0.5000000000
19235  43.509  7.822  19.392 0.4000000060
19268  42.692  7.483  20.081 0.3000000119
19360  40.751  6.178  21.680 0.2000000030
19330  41.881  6.133  20.974 0.3000000119
19389  39.577  6.203  22.433 0.2000000030
19594  56.638  6.266  30.159 0.2000000030
19510  54.812  7.141  27.113 0.3000000119
19511  52.240  6.508  27.230 0.3000000119
19488  50.864  5.339  26.107 0.3000000119
19532  56.350  7.609  27.879 0.2000000030
19489  48.391  4.582  25.747 0.3000000119
19465  47.049  3.785  24.517 0.3000000119
19509  57.055  7.260  26.415 0.3000000119
19466  44.647  3.607  24.282 0.3000000119
19467  42.482  3.736  24.196 0.2000000030
19493  39.436  3.776  24.999 0.2000000030
19468  40.339  3.962  24.169 0.2000000030
19469  38.358  4.629  24.271 0.2000000030
19167  44.295  9.100  18.690 0.5000000000
19417  38.549  6.130  23.120 0.2000000030
19444  37.516  5.988  23.826 0.2000000030
19132  44.648  10.190  19.260 0.6999999881
19202  43.496  9.092  19.615 0.5000000000
19236  42.595  8.999  20.278 0.4000000060
19300  41.616  7.436  20.687 0.3000000119
19361  39.191  7.496  22.107 0.3000000119
19168  43.668  10.166  20.075 0.6000000238
19203  42.609  10.197  20.653 0.5000000000
19269  41.469  8.893  20.890 0.3000000119
19301  40.342  8.842  21.434 0.3000000119
19635  46.748  2.201  31.139 0.1000000015
19636  44.492  1.720  31.125 0.1000000015
19617  47.089  2.933  30.560 0.1000000015
19618  44.951  2.275  30.434 0.1000000015
19619  42.845  1.799  30.477 0.1000000015
19620  40.686  1.630  30.748 0.1000000015
19621  38.650  1.859  31.220 0.1000000015
19598  47.329  3.730  30.094 0.1000000015
19599  45.294  2.927  29.865 0.1000000015
19600  43.129  2.371  29.756 0.1000000015
19601  40.997  2.091  29.839 0.1000000015
19602  38.905  2.153  30.176 0.1000000015
19603  36.970  2.573  30.569 0.2000000030
19533  53.756  7.369  28.231 0.3000000119
19579  45.382  3.687  29.169 0.1000000015
19580  43.303  2.994  29.023 0.1000000015
19581  41.267  2.583  28.892 0.1000000015
19583  37.288  2.731  29.280 0.1000000015
19554  55.608  7.634  29.108 0.2000000030
19534  50.944  6.697  28.125 0.3000000119
19512  49.624  5.722  26.901 0.3000000119
19559  43.536  3.575  28.094 0.1000000015
19560  41.619  3.055  27.927 0.1000000015
19561  39.615  2.839  27.889 0.1000000015
19582  39.265  2.504  29.075 0.1000000015
19490  46.084  4.049  25.257 0.3000000119
19538  42.156  3.377  26.890 0.1000000015
19539  40.138  3.125  26.832 0.1000000015
19562  37.636  2.965  28.046 0.1000000015
19563  35.880  3.544  28.292 0.1000000015
19491  43.797  3.656  24.964 0.3000000119
19515  42.908  3.601  25.876 0.2000000030
19540  38.111  3.221  26.949 0.1000000015
19541  36.285  3.794  27.106 0.1000000015
19492  41.581  3.589  24.949 0.2000000030
19516  40.770  3.413  25.835 0.2000000030
19517  38.676  3.530  25.940 0.2000000030
19518  36.801  4.085  26.070 0.1000000015
19519  35.156  5.115  26.419 0.2000000030
19542  34.708  4.790  27.510 0.2000000030
19494  37.508  4.379  25.106 0.2000000030
19495  35.846  5.397  25.439 0.1000000015
19470  36.641  5.660  24.574 0.1000000015
19496  34.447  6.553  25.928 0.2000000030
19418  37.002  7.445  23.491 0.3000000119
19445  36.066  7.181  24.191 0.3000000119
19331  40.429  7.471  21.328 0.3000000119
19390  38.058  7.504  22.837 0.3000000119
30874  38.664  2.641  38.544 0.1000000015
30861  37.729  3.721  38.337 0.1000000015
18196  38.480  2.456  37.465 0.1000000015
18197  37.495  3.545  37.254 0.1000000015
18198  36.526  4.815  36.979 0.1000000015
19713  39.700  1.038  36.833 0.1000000015
19701  38.496  2.045  36.457 0.1000000015
19688  37.374  3.227  36.126 0.1000000015
19712  41.202  -0.040  36.106 0.1000000015
19700  39.783  0.744  35.827 0.1000000015
19687  38.498  1.665  35.410 0.1000000015
19674  36.166  4.416  35.832 0.1000000015
19699  41.390  -0.013  35.089 0.1000000015
19686  39.916  0.693  34.785 0.1000000015
19673  37.168  2.786  34.966 0.1000000015
19680  52.299  1.088  32.519 0.2000000030
19685  41.652  0.212  34.155 0.1000000015
19672  38.461  1.497  34.286 0.2000000030
19658  35.861  3.995  34.699 0.1000000015
19650  50.927  2.443  31.251 0.2000000030
19666  50.509  1.549  31.752 0.2000000030
19671  40.035  0.723  33.700 0.2000000030
19657  36.962  2.519  33.941 0.1000000015
19632  53.676  4.165  30.919 0.2000000030
19634  49.047  2.787  31.160 0.2000000030
19651  48.605  1.961  31.619 0.2000000030
19670  41.868  0.508  33.178 0.1000000015
19655  40.171  0.932  32.644 0.2000000030
19656  38.451  1.501  33.280 0.2000000030
19641  35.641  3.585  33.652 0.2000000030
19652  46.304  1.606  31.895 0.1000000015
19653  44.090  1.222  32.014 0.1000000015
19654  42.037  0.915  32.202 0.1000000015
19639  38.474  1.602  32.249 0.2000000030
19640  36.820  2.399  32.911 0.2000000030
19616  49.327  3.680  30.773 0.2000000030
19637  42.408  1.334  31.257 0.1000000015
19638  40.368  1.262  31.678 0.2000000030
19597  49.496  4.651  30.336 0.2000000030
19604  35.424  3.452  31.050 0.2000000030
19555  52.830  7.189  29.250 0.2000000030
19584  35.536  3.460  29.622 0.2000000030
19513  47.251  4.840  26.487 0.3000000119
19558  45.521  4.361  28.337 0.1000000015
19537  44.121  3.970  27.043 0.1000000015
19564  34.401  4.574  28.761 0.2000000030
19514  45.046  4.122  26.041 0.3000000119
19520  33.870  6.222  26.971 0.2000000030
19543  33.544  5.982  28.160 0.2000000030
19471  35.192  6.859  25.011 0.3000000119
19446  34.812  8.398  24.680 0.3000000119
19472  33.987  8.144  25.539 0.3000000119
19332  39.047  8.791  21.945 0.3000000119
19391  36.784  8.739  23.224 0.3000000119
19419  35.764  8.586  23.896 0.3000000119
19133  44.012  11.208  20.483 0.6000000238
19169  42.744  11.311  20.841 0.5000000000
19237  41.501  10.223  21.060 0.4000000060
19270  40.340  10.192  21.519 0.3000000119
19302  39.135  10.161  21.938 0.4000000060
19333  37.940  10.106  22.427 0.4000000060
30862  38.022  3.965  39.381 0.1000000015
30848  37.338  5.078  39.220 0.1000000015
30886  39.638  1.623  38.852 0.1000000015
30847  37.003  4.867  38.116 0.1000000015
19729  52.942  -0.094  37.083 0.1000000015
18194  40.777  0.642  38.221 0.1000000015
18195  39.556  1.425  37.774 0.1000000015
19718  53.160  0.237  35.920 0.1000000015
19706  53.510  0.551  34.935 0.1000000015
19724  40.996  0.251  37.208 0.1000000015
18199  35.660  6.085  36.601 0.1000000015
19711  43.046  -0.563  35.398 0.1000000015
19681  50.079  0.786  32.473 0.2000000030
19682  47.744  0.463  32.787 0.2000000030
19697  45.405  -0.396  33.958 0.1000000015
19698  43.336  -0.374  34.420 0.1000000015
19642  34.808  5.181  34.389 0.1000000015
19665  52.897  1.998  31.784 0.2000000030
19667  48.111  1.197  32.205 0.2000000030
19696  47.481  -0.222  33.588 0.2000000030
19683  45.693  0.184  33.218 0.2000000030
19684  43.689  0.084  33.674 0.1000000015
19633  51.296  3.436  30.950 0.2000000030
19668  45.981  0.912  32.621 0.2000000030
19669  43.868  0.636  32.911 0.1000000015
19649  53.290  2.990  31.249 0.2000000030
19595  54.376  6.345  30.464 0.2000000030
19614  53.948  5.351  30.732 0.2000000030
19615  51.606  4.513  30.773 0.2000000030
19623  35.488  3.462  32.456 0.2000000030
19575  54.951  7.155  29.968 0.2000000030
19576  52.208  6.521  30.067 0.2000000030
19556  50.053  6.346  29.096 0.2000000030
19577  49.717  5.559  29.838 0.2000000030
19578  47.424  4.605  29.503 0.2000000030
19605  34.239  4.603  31.631 0.2000000030
19535  48.414  5.806  27.739 0.3000000119
19557  47.564  5.348  28.702 0.2000000030
19585  34.211  4.523  30.163 0.2000000030
19536  46.155  4.822  27.334 0.3000000119
19521  32.935  7.554  27.697 0.3000000119
19497  33.339  7.830  26.545 0.2000000030
19473  33.156  9.434  26.192 0.3000000119
19362  37.875  8.779  22.570 0.4000000060
19363  36.756  10.063  22.992 0.3000000119
19420  34.743  9.885  24.368 0.3000000119
19204  41.538  11.430  21.145 0.4000000060
19238  40.392  11.467  21.462 0.3000000119
19743  44.240  -0.448  38.205 0.1000000015
18193  42.277  0.250  38.607 0.1000000015
19734  42.508  -0.171  37.650 0.1000000015
30832  36.284  6.229  37.808 0.1000000015
19694  51.860  0.498  33.494 0.1000000015
19733  44.522  -0.780  37.174 0.2000000030
19722  44.830  -0.916  36.050 0.2000000030
19659  35.204  5.672  35.484 0.1000000015
19695  49.651  0.149  33.408 0.2000000030
19709  47.198  -0.718  34.547 0.2000000030
19643  34.612  6.942  34.999 0.1000000015
19624  34.515  4.813  33.180 0.2000000030
19596  51.910  5.561  30.554 0.2000000030
19606  33.651  6.142  32.497 0.2000000030
19586  33.311  5.913  30.884 0.2000000030
19565  33.316  5.838  29.481 0.2000000030
19566  32.708  7.354  30.378 0.2000000030
19498  32.640  9.174  27.316 0.3000000119
19447  33.877  9.715  25.250 0.3000000119
19392  35.686  10.026  23.652 0.3000000119
19134  43.062  12.528  20.914 0.6000000238
19170  41.785  12.568  21.054 0.5000000000
19271  39.237  11.513  21.914 0.4000000060
19303  38.125  11.478  22.386 0.3000000119
19334  36.889  11.512  22.845 0.4000000060
30833  36.933  6.332  38.984 0.1000000015
19707  51.508  0.092  34.533 0.1000000015
19741  48.426  -1.126  37.925 0.1000000015
19742  46.308  -0.920  37.978 0.1000000015
19732  46.612  -1.091  36.877 0.1000000015
18200  35.215  7.403  36.084 0.1000000015
19708  49.352  -0.422  34.407 0.2000000030
19720  49.096  -0.859  35.559 0.2000000030
19721  46.928  -1.033  35.702 0.2000000030
19710  45.107  -0.796  34.893 0.2000000030
19625  34.126  6.546  33.895 0.1000000015
19587  33.038  7.597  31.781 0.2000000030
19544  32.711  7.381  29.007 0.2000000030
19545  32.431  9.001  29.842 0.2000000030
19522  32.406  9.042  28.526 0.2000000030
19474  32.699  10.808  26.937 0.3000000119
19448  33.256  11.050  25.895 0.3000000119
19135  42.160  13.751  20.921 0.5000000000
19205  40.519  12.684  21.330 0.4000000060
19239  39.346  12.759  21.744 0.4000000060
19393  34.836  11.395  24.137 0.3000000119
19421  33.990  11.233  24.970 0.3000000119
19272  38.224  12.853  22.171 0.4000000060
19364  35.804  11.491  23.429 0.3000000119
19739  52.779  -0.381  38.113 0.1000000015
19730  50.937  -0.694  36.833 0.1000000015
19740  50.672  -0.892  37.964 0.1000000015
19719  51.134  -0.363  35.680 0.1000000015
19731  48.775  -1.140  36.742 0.1000000015
19567  32.733  9.113  31.205 0.1000000015
19523  32.369  10.543  29.373 0.2000000030
19499  32.362  10.645  28.153 0.2000000030
19449  32.962  12.366  26.528 0.2000000030
19422  33.547  12.579  25.520 0.3000000119
19171  40.808  13.821  21.082 0.4000000060
19206  39.556  13.975  21.407 0.4000000060
19394  34.260  12.784  24.584 0.3000000119
19304  37.136  12.935  22.618 0.4000000060
19335  36.012  12.927  23.088 0.4000000060
19478  34.326  15.824  30.085 0.2000000030
19477  33.429  14.824  29.333 0.2000000030
19501  32.923  13.516  29.764 0.2000000030
19426  35.193  17.058  28.334 0.2000000030
19452  34.180  15.933  28.828 0.2000000030
19476  32.813  13.550  28.561 0.2000000030
19500  32.481  12.091  28.964 0.2000000030
19451  33.361  14.807  28.096 0.3000000119
19450  33.021  13.620  27.340 0.2000000030
19475  32.611  12.163  27.725 0.2000000030
19423  33.414  13.796  26.160 0.2000000030
19240  38.407  14.135  21.757 0.4000000060
19365  35.091  12.881  23.764 0.3000000119
19395  33.934  14.026  25.104 0.2000000030
19273  37.294  14.248  22.167 0.4000000060
19305  36.298  14.301  22.721 0.4000000060
19336  35.401  14.252  23.360 0.4000000060
19425  34.202  16.012  27.641 0.3000000119
19397  34.425  16.139  26.533 0.3000000119
19424  33.619  14.892  26.896 0.2000000030
19396  34.026  15.123  25.789 0.2000000030
19172  39.957  15.086  20.918 0.3000000119
19366  34.601  14.142  24.176 0.3000000119
19367  34.465  15.311  24.762 0.3000000119
19207  38.692  15.280  21.258 0.3000000119
19337  35.095  15.516  23.829 0.3000000119
19322  56.568  4.954  18.010 0.3000000119
19629  58.364  2.699  30.650 0.2000000030
19622  36.849  2.438  31.841 0.2000000030
19723  42.849  -0.478  36.563 0.1000000015
19607  33.655  7.900  33.188 0.1000000015
19453  35.263  16.866  29.522 0.2000000030
18969  56.530  1.699  7.028 0.2000000030
18928  55.471  0.647  6.704 0.3000000119
18886  54.322  -0.418  6.550 0.2000000030
18970  57.206  3.143  6.419 0.4000000060
19010  57.493  4.073  7.427 0.4000000060
19009  57.411  2.763  7.581 0.4000000060
18929  56.460  2.183  5.809 0.3000000119
18887  55.359  1.156  5.503 0.2000000030
18844  54.175  0.281  5.504 0.2000000030
18800  52.898  -0.564  5.731 0.1000000015
18710  51.268  -0.063  6.012 0.1000000015
19179  39.624  23.243  24.790 0.2000000030
18930  56.715  3.488  5.323 0.4000000060
18801  53.755  1.156  4.626 0.2000000030
18756  52.522  0.509  5.203 0.1000000015
18664  50.942  1.214  5.843 0.1000000015
18711  52.041  1.670  4.676 0.1000000015
18665  51.516  2.860  4.173 0.2000000030
18617  50.434  2.440  5.719 0.2000000030
18618  50.720  3.861  3.925 0.2000000030
18570  49.681  4.713  3.936 0.2000000030
18971  56.926  4.166  6.360 0.4000000060
18888  56.022  2.691  4.677 0.3000000119
18845  54.999  1.902  4.465 0.3000000119
18418  46.568  4.145  8.104 0.1000000015
18470  47.528  4.703  6.197 0.1000000015
18521  48.595  5.366  4.153 0.2000000030
18846  55.440  3.387  3.657 0.4000000060
18757  53.277  2.141  3.876 0.2000000030
18712  52.675  3.229  3.185 0.2000000030
18419  46.535  5.455  6.439 0.1000000015
18802  54.454  2.757  3.509 0.3000000119
18471  47.600  5.993  4.537 0.2000000030
18571  49.976  6.166  2.430 0.2000000030
18759  54.075  5.035  1.959 0.3000000119
18713  53.179  4.596  2.027 0.3000000119
18666  51.944  4.278  2.631 0.2000000030
18619  51.025  5.283  2.368 0.2000000030
18714  53.359  5.891  1.439 0.3000000119
18667  52.433  5.569  1.587 0.3000000119
18620  51.409  6.605  1.424 0.2000000030
18522  48.946  6.923  2.733 0.2000000030
18668  52.561  6.852  1.184 0.4000000060
18420  46.823  7.006  4.975 0.1000000015
18368  46.079  7.924  5.538 0.2000000030
18715  53.109  7.129  1.747 0.4000000060
11183  42.443  11.248  7.655 0.3000000119
18472  48.076  7.753  3.130 0.2000000030
18572  50.437  7.642  1.611 0.3000000119
18369  46.445  9.459  4.477 0.3000000119
18315  45.171  8.804  6.032 0.2000000030
18316  45.338  10.176  5.054 0.3000000119
18669  52.487  8.172  1.718 0.4000000060
10124  43.421  11.732  6.368 0.4000000060
18421  47.385  8.635  3.760 0.2000000030
10125  43.273  10.495  6.958 0.3000000119
18621  51.738  7.963  1.136 0.4000000060
11216  42.644  12.505  7.212 0.3000000119
18262  44.309  10.929  5.627 0.3000000119
18622  51.925  9.211  1.596 0.4000000060
18573  50.909  8.993  1.414 0.4000000060
18523  49.526  8.505  1.895 0.3000000119
10123  43.760  12.966  6.113 0.4000000060
11248  42.944  13.791  7.050 0.4000000060
18263  44.611  12.239  5.222 0.3000000119
18370  46.718  10.834  3.718 0.3000000119
18623  52.125  10.339  2.564 0.4000000060
11279  43.423  15.050  7.092 0.4000000060
10122  44.255  14.142  6.346 0.4000000060
18317  45.582  11.526  4.455 0.3000000119
18422  47.959  10.244  2.991 0.3000000119
11252  40.299  17.743  9.561 0.4000000060
11251  40.867  16.658  8.971 0.4000000060
11281  42.187  17.001  8.285 0.6000000238
11280  42.707  16.009  7.683 0.6000000238
18574  51.323  10.127  1.786 0.4000000060
18473  48.834  9.394  2.362 0.3000000119
18264  45.127  13.333  5.508 0.5000000000
18318  46.086  12.689  4.709 0.5000000000
18371  47.173  12.061  3.784 0.3000000119
11282  41.647  18.084  8.952 0.3000000119
11309  44.103  16.176  7.544 0.6000000238
18524  50.250  9.908  1.740 0.4000000060
10121  44.816  15.156  7.119 0.6000000238
18474  49.548  10.799  2.226 0.3000000119
18423  48.523  11.450  2.908 0.3000000119
11311  43.015  18.241  8.557 0.3000000119
18575  51.867  11.200  2.695 0.5000000000
11310  43.520  17.180  7.966 0.5000000000
18525  50.879  11.042  2.253 0.4000000060
18475  50.222  11.805  2.820 0.4000000060
18265  45.628  14.215  6.487 0.6000000238
18319  46.641  13.463  5.783 0.6999999881
18424  49.136  12.432  3.654 0.5000000000
18372  47.811  12.920  4.820 0.5000000000
18526  51.584  12.070  3.278 0.5000000000
18373  48.267  13.545  6.227 0.6999999881
18476  50.834  12.736  4.063 0.6000000238
18425  49.645  13.235  5.131 0.6000000238
18576  52.461  12.201  4.346 0.6000000238
18477  51.273  13.604  5.728 0.6999999881
19143  39.453  23.509  23.570 0.2000000030
18758  53.780  3.638  2.713 0.3000000119
11283  41.089  19.111  9.644 0.2000000030
19245  36.998  20.406  24.121 0.2000000030
19277  36.327  19.195  24.221 0.2000000030
19308  35.779  17.957  24.315 0.2000000030
19244  36.448  19.303  23.142 0.2000000030
19276  36.039  18.053  23.339 0.2000000030
19307  35.576  16.805  23.576 0.2000000030
19338  35.112  16.659  24.470 0.2000000030
19306  35.800  15.599  23.027 0.2000000030
19278  37.071  20.155  25.230 0.2000000030
19309  36.312  19.002  25.250 0.2000000030
19339  35.495  17.758  25.262 0.2000000030
19275  36.181  16.775  22.625 0.2000000030
19368  34.700  16.433  25.467 0.2000000030
19213  38.738  22.217  24.952 0.1000000015
19246  37.899  21.223  25.061 0.2000000030
19212  37.790  21.523  23.964 0.1000000015
19211  37.147  20.519  22.932 0.2000000030
19210  36.989  19.283  22.001 0.2000000030
19243  36.526  18.028  22.302 0.3000000119
30548  40.041  20.598  33.285 0.1000000015
30602  38.079  18.882  33.156 0.1000000015
19144  40.440  24.176  24.453 0.1000000015
19214  39.873  22.724  25.861 0.1000000015
19524  32.701  12.127  30.204 0.1000000015
19178  38.587  22.604  23.827 0.1000000015
19279  38.133  20.890  26.130 0.2000000030
19177  37.828  21.688  22.756 0.2000000030
19310  37.253  19.826  26.157 0.2000000030
19242  36.895  16.731  21.837 0.2000000030
19274  36.560  15.564  22.267 0.3000000119
30520  40.735  21.930  33.785 0.1000000015
30519  41.123  20.860  32.889 0.1000000015
30547  40.172  19.689  32.233 0.1000000015
30575  39.095  19.388  32.682 0.1000000015
30601  37.918  18.468  31.953 0.1000000015
18208  35.719  16.907  31.851 0.1000000015
19526  34.083  14.921  31.865 0.1000000015
19525  33.274  13.556  31.019 0.1000000015
19247  39.038  21.859  25.971 0.1000000015
19340  36.264  18.710  26.106 0.2000000030
19369  35.316  17.475  26.154 0.2000000030
19176  37.596  20.433  21.725 0.2000000030
19175  37.880  19.077  21.018 0.2000000030
19209  37.345  17.899  21.431 0.3000000119
19241  37.539  15.496  21.639 0.4000000060
30550  39.471  22.068  35.691 0.1000000015
30521  40.171  22.656  34.963 0.1000000015
30522  39.397  22.945  35.967 0.1000000015
30492  40.048  23.549  35.266 0.1000000015
30491  41.049  23.271  34.274 0.1000000015
30574  39.038  18.827  31.501 0.1000000015
30627  36.908  17.875  32.462 0.1000000015
18209  36.587  17.657  31.302 0.1000000015
19503  34.635  15.919  31.321 0.1000000015
19479  35.403  16.765  30.724 0.1000000015
19502  33.650  14.781  30.556 0.1000000015
19180  40.733  23.697  25.699 0.1000000015
19174  38.431  17.732  20.733 0.3000000119
19208  37.922  16.581  21.156 0.3000000119
19173  39.151  16.364  20.731 0.3000000119
30551  39.078  22.177  36.795 0.1000000015
30490  41.714  22.328  33.328 0.1000000015
30461  40.744  24.276  34.635 0.1000000015
30462  39.573  24.270  35.455 0.1000000015
30518  41.385  19.997  31.925 0.1000000015
30546  40.266  19.149  31.088 0.1000000015
18210  37.694  18.242  30.806 0.1000000015
19454  36.400  17.601  30.158 0.1000000015
19145  41.565  24.740  25.335 0.1000000015
11187  39.491  14.842  10.149 0.2000000030
11218  41.211  14.290  8.737 0.3000000119
11219  40.390  15.250  9.223 0.2000000030
11186  40.278  13.869  9.708 0.2000000030
11249  42.192  14.688  7.787 0.3000000119
11185  41.082  12.980  9.119 0.3000000119
11217  41.922  13.387  8.058 0.3000000119
18211  38.910  18.688  30.315 0.1000000015
11188  38.736  15.818  10.577 0.3000000119
11220  39.713  16.235  9.773 0.3000000119
11250  41.528  15.608  8.423 0.4000000060
30489  42.147  21.243  32.593 0.1000000015
18212  40.221  19.265  29.882 0.1000000015
19428  37.565  18.341  29.640 0.1000000015
19427  36.299  17.798  29.017 0.1000000015
19109  42.268  25.824  24.820 0.1000000015
19398  35.219  17.243  27.172 0.2000000030
19215  41.147  23.171  26.675 0.1000000015
19370  36.247  18.318  26.903 0.2000000030
10119  45.700  17.172  9.378 0.5000000000
11338  44.767  17.184  8.386 0.5000000000
18321  47.314  14.902  8.671 0.5000000000
18320  46.992  14.149  7.103 0.6000000238
18426  49.955  13.873  6.807 0.6000000238
30517  41.543  19.666  30.847 0.1000000015
19401  38.832  19.014  29.222 0.1000000015
19400  37.537  18.598  28.577 0.1000000015
19399  36.308  18.022  27.896 0.2000000030
19181  41.973  24.184  26.435 0.1000000015
19341  37.354  19.405  26.859 0.2000000030
19248  40.328  22.227  26.781 0.1000000015
19311  38.447  20.454  26.925 0.2000000030
18993  42.201  26.817  21.861 0.1000000015
19280  39.433  21.419  26.913 0.2000000030
18952  42.049  26.537  20.703 0.1000000015
10118  46.490  18.630  9.968 0.5000000000
11366  45.517  18.330  9.053 0.5000000000
11339  44.316  18.234  8.528 0.4000000060
10120  45.220  16.074  8.233 0.5000000000
18266  45.977  15.028  7.773 0.6000000238
18427  50.095  14.576  8.749 0.6000000238
18374  48.547  14.188  7.757 0.6000000238
18478  51.507  14.285  7.720 0.6000000238
30488  42.648  20.603  31.871 0.1000000015
30458  43.236  22.034  32.434 0.1000000015
18213  41.541  19.971  29.816 0.1000000015
19373  40.120  19.780  29.015 0.2000000030
19372  38.745  19.382  28.347 0.2000000030
19371  37.427  18.917  27.605 0.2000000030
19146  42.790  25.310  26.031 0.1000000015
19342  38.662  19.938  27.569 0.2000000030
18269  47.715  19.214  10.791 0.5000000000
11340  43.788  19.313  8.926 0.2000000030
30487  42.943  20.375  30.962 0.1000000015
19147  44.016  25.945  26.554 0.1000000015
19182  43.307  24.630  27.174 0.1000000015
19216  42.502  23.600  27.474 0.1000000015
19249  41.679  22.700  27.652 0.2000000030
19312  39.808  20.914  27.727 0.2000000030
30457  43.899  21.469  31.942 0.1000000015
18214  42.894  20.832  30.030 0.2000000030
19344  41.412  20.636  29.181 0.2000000030
19343  40.042  20.361  28.376 0.2000000030
19281  40.804  21.827  27.744 0.2000000030
30456  44.302  21.317  31.097 0.1000000015
19313  41.202  21.276  28.593 0.2000000030
19282  42.227  22.151  28.634 0.2000000030
19250  43.098  23.036  28.488 0.2000000030
19314  42.610  21.553  29.397 0.2000000030
19283  43.785  22.453  29.464 0.2000000030
16616  61.417  -5.994  12.831 0.1000000015
16615  60.149  -5.651  13.702 0.1000000015
19402  59.755  -3.500  14.533 0.1000000015
19345  61.490  -4.508  12.031 0.1000000015
19429  58.891  -2.889  15.779 0.1000000015
19374  60.683  -3.939  13.319 0.1000000015
19455  58.281  -2.246  17.103 0.1000000015
19315  61.819  -5.193  11.104 0.1000000015
19284  61.827  -6.172  10.554 0.1000000015
19253  60.766  -5.204  10.315 0.1000000015
19430  59.529  -0.874  17.378 0.1000000015
19403  59.925  -1.468  15.947 0.1000000015
19375  60.430  -2.021  14.569 0.1000000015
19346  60.901  -2.611  13.062 0.1000000015
19316  61.097  -3.175  11.773 0.1000000015
19285  61.081  -4.097  10.827 0.1000000015
18841  51.456  -4.590  8.499 0.1000000015
18840  51.044  -6.149  9.590 0.1000000015
19347  60.484  -0.721  14.470 0.1000000015
19254  60.009  -3.125  11.134 0.1000000015
19221  59.500  -4.334  10.711 0.1000000015
19003  54.203  -7.989  11.682 0.1000000015
18963  53.258  -8.620  11.904 0.1000000015
18923  52.355  -7.674  11.454 0.1000000015
18964  53.131  -7.003  11.431 0.1000000015
18882  51.613  -6.793  10.665 0.1000000015
18839  50.754  -7.497  10.989 0.1000000015
18884  52.422  -3.496  8.542 0.1000000015
19404  60.170  0.558  17.325 0.1000000015
19376  60.371  -0.040  15.937 0.1000000015
19317  60.502  -1.389  13.076 0.1000000015
19286  60.337  -2.124  11.886 0.1000000015
19188  58.204  -3.458  11.559 0.1000000015
19153  57.455  -4.501  11.324 0.1000000015
19117  56.714  -5.552  11.206 0.1000000015
19080  55.924  -6.434  11.312 0.1000000015
19042  55.108  -7.289  11.464 0.1000000015
19222  58.805  -2.356  11.930 0.1000000015
19081  55.484  -4.469  11.705 0.1000000015
19043  54.702  -5.334  11.487 0.1000000015
19004  53.923  -6.240  11.468 0.1000000015
19154  56.886  -2.471  12.276 0.1000000015
19118  56.179  -3.480  11.923 0.1000000015
18924  52.316  -5.904  10.665 0.1000000015
19044  54.389  -3.128  11.463 0.1000000015
19005  53.656  -4.070  11.141 0.1000000015
18965  52.950  -5.007  10.859 0.1000000015
19119  55.820  -1.200  12.131 0.1000000015
19082  55.132  -2.223  11.868 0.1000000015
18966  53.310  -2.994  10.035 0.1000000015
18925  52.567  -4.082  9.759 0.1000000015
18883  51.858  -5.179  9.571 0.1000000015
19045  54.779  -1.091  10.738 0.1000000015
19006  54.018  -2.080  10.400 0.1000000015
18926  53.244  -2.477  8.788 0.1000000015
19287  59.692  -0.277  13.412 0.1000000015
19255  59.278  -1.267  12.571 0.1000000015
19223  58.151  -0.309  13.064 0.1000000015
19189  57.461  -1.376  12.632 0.1000000015
19155  56.470  -0.177  12.499 0.1000000015
19083  55.540  -0.103  11.084 0.1000000015
19007  54.970  -0.348  9.337 0.1000000015
18967  54.097  -1.407  9.069 0.1000000015
18927  54.274  -0.913  7.711 0.1000000015
18885  53.322  -2.006  7.544 0.1000000015
19377  60.167  2.020  17.128 0.1000000015
19318  60.052  0.528  14.512 0.1000000015
19348  60.191  1.384  15.799 0.1000000015
19120  56.339  0.898  11.388 0.1000000015
19046  55.834  0.694  9.640 0.1000000015
18968  55.296  0.178  8.028 0.1000000015
19457  59.990  1.700  20.219 0.1000000015
19405  60.121  2.710  18.457 0.1000000015
19431  60.091  1.154  18.800 0.1000000015
19319  59.798  2.776  15.507 0.1000000015
19288  59.431  1.804  14.459 0.1000000015
19256  58.872  0.769  13.625 0.1000000015
19224  58.234  1.948  13.226 0.1000000015
19190  57.321  0.853  12.847 0.2000000030
19156  57.158  1.879  11.777 0.2000000030
19121  57.460  2.667  10.614 0.2000000030
19084  56.669  1.695  10.026 0.1000000015
19047  57.157  2.295  8.778 0.2000000030
19008  56.271  1.236  8.298 0.1000000015
19506  59.628  2.735  23.035 0.1000000015
19505  59.142  0.595  21.783 0.1000000015
19528  58.994  1.071  23.135 0.1000000015
19482  59.798  2.229  21.592 0.1000000015
19432  60.038  3.325  19.782 0.1000000015
19378  59.928  4.255  18.023 0.2000000030
19349  59.942  3.536  16.776 0.1000000015
19257  58.956  3.010  13.862 0.1000000015
19225  58.705  3.939  13.040 0.2000000030
19191  58.055  2.881  12.276 0.2000000030
19085  57.820  3.367  9.463 0.2000000030
19570  57.569  -0.226  24.227 0.1000000015
19550  58.780  1.392  24.467 0.1000000015
19406  59.910  4.868  19.278 0.2000000030
19350  59.380  5.260  17.522 0.2000000030
19351  57.856  5.637  18.441 0.2000000030
19320  59.490  4.596  16.163 0.2000000030
19289  59.367  3.885  14.897 0.2000000030
19321  58.289  5.429  17.041 0.2000000030
19290  58.716  5.161  15.549 0.2000000030
19258  58.951  4.673  14.091 0.2000000030
19226  58.210  5.114  13.403 0.2000000030
19192  58.445  4.643  12.170 0.2000000030
19157  58.174  3.706  11.283 0.2000000030
19379  59.152  5.685  18.860 0.2000000030
19630  57.410  4.018  31.262 0.1000000015
19647  57.046  3.430  32.073 0.1000000015
19663  56.619  2.740  32.816 0.1000000015
19664  54.938  2.586  32.365 0.1000000015
19679  54.398  1.731  33.072 0.1000000015
19693  53.912  1.041  33.945 0.1000000015
19648  55.400  3.549  31.775 0.1000000015
18314  44.889  7.365  7.099 0.1000000015
18367  45.616  6.432  6.720 0.1000000015
18259  43.759  6.752  8.549 0.1000000015
18260  44.075  8.250  7.527 0.1000000015
10127  42.996  7.691  8.823 0.1000000015
11114  42.160  8.466  9.263 0.1000000015
11116  40.589  10.106  10.044 0.1000000015
11117  39.880  10.993  10.493 0.1000000015
11082  38.995  10.291  11.399 0.1000000015
11149  42.332  9.900  8.381 0.1000000015
11150  41.500  10.644  8.934 0.1000000015
10126  43.192  9.157  7.876 0.1000000015
11118  39.221  11.927  10.975 0.1000000015
11083  38.328  11.250  11.750 0.1000000015
18261  44.196  9.601  6.498 0.1000000015
11152  40.136  12.460  10.110 0.1000000015
11151  40.789  11.575  9.506 0.1000000015
11184  41.728  12.071  8.401 0.2000000030
11153  39.376  13.418  10.622 0.1000000015
11189  38.068  16.837  11.045 0.2000000030
11155  37.822  15.314  11.339 0.2000000030
11221  39.125  17.304  10.296 0.2000000030
18270  48.875  20.569  10.202 0.2000000030
10116  48.552  21.055  8.966 0.2000000030
18796  50.055  -6.862  10.040 0.1000000015
19187  58.779  -5.461  10.607 0.1000000015
11115  41.361  9.253  9.629 0.1000000015
18215  44.143  21.793  30.262 0.1000000015
30424  45.573  22.455  31.148 0.1000000015
18216  45.217  22.788  30.212 0.1000000015
11154  38.613  14.345  10.984 0.1000000015
18730  50.562  25.216  18.279 0.1000000015
11159  34.601  19.299  12.398 0.1000000015
11160  33.808  20.203  12.215 0.1000000015
11192  35.824  19.977  12.025 0.1000000015
11126  32.679  19.177  12.195 0.1000000015
11223  37.810  19.403  11.325 0.1000000015
18684  50.648  25.640  16.766 0.1000000015
18636  51.899  25.309  15.710 0.1000000015
18637  50.666  26.058  14.961 0.1000000015
10117  47.527  20.051  9.723 0.1000000015
11193  35.013  20.950  11.943 0.1000000015
11161  32.971  21.046  11.822 0.1000000015
11127  31.930  19.915  11.624 0.1000000015
11190  37.368  17.868  11.533 0.1000000015
11191  36.600  18.891  11.883 0.1000000015
11194  34.189  21.884  11.616 0.1000000015
11222  38.501  18.339  10.872 0.1000000015
11224  37.104  20.436  11.517 0.1000000015
11253  39.741  18.769  10.195 0.1000000015
18731  49.219  25.764  17.321 0.1000000015
18685  49.189  26.144  15.819 0.1000000015
18587  53.086  25.066  14.659 0.1000000015
18588  51.750  25.787  13.987 0.1000000015
18537  53.989  24.895  13.349 0.1000000015
11226  35.470  22.481  11.206 0.1000000015
11227  34.649  23.418  10.778 0.1000000015
11195  33.357  22.791  11.140 0.1000000015
11257  36.782  22.870  10.670 0.1000000015
11225  36.291  21.499  11.479 0.1000000015
11162  32.203  21.841  11.211 0.1000000015
11255  38.436  20.842  10.991 0.1000000015
11393  46.357  19.639  9.180 0.2000000030
11254  39.127  19.819  10.729 0.1000000015
11284  40.514  20.074  10.256 0.1000000015
18824  43.232  26.291  17.435 0.1000000015
18823  44.740  26.027  17.957 0.1000000015
18777  47.777  25.904  18.012 0.1000000015
18778  46.287  26.075  17.142 0.1000000015
18825  41.922  26.837  17.215 0.1000000015
18779  44.733  26.349  16.518 0.1000000015
18826  40.801  27.531  17.399 0.1000000015
18732  47.654  26.086  16.486 0.1000000015
18780  43.110  26.798  16.255 0.1000000015
18781  41.647  27.317  16.171 0.1000000015
18686  47.564  26.580  15.020 0.1000000015
18733  46.241  26.451  15.737 0.1000000015
18734  44.656  26.948  15.318 0.1000000015
18782  40.501  27.876  16.285 0.1000000015
18735  43.087  27.426  15.116 0.1000000015
18538  52.899  25.613  12.919 0.1000000015
18487  53.849  25.447  11.548 0.1000000015
11421  46.060  22.804  8.291 0.1000000015
11396  44.661  22.694  8.635 0.1000000015
11420  46.658  21.859  8.337 0.1000000015
11258  35.963  23.819  10.302 0.1000000015
11228  33.869  24.376  10.254 0.1000000015
11196  32.626  23.600  10.510 0.1000000015
11419  47.212  20.794  8.704 0.1000000015
11395  45.294  21.699  8.617 0.1000000015
11370  43.231  22.557  9.004 0.1000000015
11371  42.532  23.582  8.768 0.1000000015
11344  41.083  23.455  9.256 0.1000000015
11345  40.314  24.356  8.833 0.1000000015
11316  39.659  23.337  9.716 0.1000000015
11317  38.862  24.283  9.254 0.1000000015
11287  38.175  23.126  10.182 0.1000000015
11288  37.402  24.101  9.816 0.1000000015
11394  45.873  20.628  8.697 0.1000000015
11343  41.870  22.509  9.499 0.1000000015
11315  40.463  22.349  10.038 0.1000000015
11286  39.071  22.140  10.489 0.1000000015
11163  31.551  22.575  10.425 0.1000000015
11197  31.949  24.451  9.763 0.1000000015
11368  44.554  20.499  8.975 0.1000000015
11369  43.986  21.553  9.067 0.1000000015
11342  42.574  21.444  9.512 0.1000000015
11314  41.253  21.257  10.072 0.1000000015
11285  39.836  21.099  10.536 0.1000000015
11256  37.624  21.864  10.944 0.1000000015
11164  30.989  23.280  9.582 0.1000000015
11367  45.132  19.352  8.805 0.2000000030
11341  43.244  20.404  9.342 0.1000000015
11313  41.919  20.261  9.756 0.1000000015
11312  42.491  19.274  9.228 0.1000000015
18869  41.199  27.263  18.488 0.1000000015
18827  40.070  28.395  17.814 0.1000000015
18783  39.646  28.677  16.619 0.1000000015
18638  49.105  26.627  14.179 0.1000000015
18687  46.089  27.027  14.531 0.1000000015
18736  41.645  27.915  15.123 0.1000000015
18589  50.511  26.549  13.283 0.1000000015
18639  47.491  27.162  13.603 0.1000000015
18688  44.686  27.597  14.259 0.1000000015
18640  46.109  27.791  13.310 0.1000000015
18737  40.376  28.426  15.188 0.1000000015
11446  46.907  23.854  7.861 0.1000000015
11422  45.448  23.729  8.038 0.1000000015
11397  44.020  23.624  8.304 0.1000000015
11372  41.722  24.404  8.339 0.1000000015
11398  43.246  24.481  7.866 0.1000000015
11346  39.545  25.289  8.280 0.1000000015
11318  38.054  25.214  8.799 0.1000000015
11289  36.614  25.107  9.320 0.1000000015
18591  47.606  28.105  12.272 0.1000000015
18539  51.619  26.287  12.284 0.1000000015
18689  43.144  28.126  14.123 0.1000000015
18540  50.360  27.099  11.809 0.1000000015
18641  44.815  28.454  13.232 0.1000000015
18435  54.478  24.925  10.225 0.1000000015
11423  44.702  24.543  7.486 0.1000000015
11399  42.470  25.290  7.309 0.1000000015
11373  41.009  25.298  7.810 0.1000000015
11400  41.767  26.127  6.706 0.1000000015
11374  40.283  26.154  7.188 0.1000000015
11347  38.776  26.122  7.698 0.1000000015
11319  37.302  26.126  8.223 0.1000000015
18911  41.699  27.009  19.660 0.1000000015
18953  41.990  27.560  21.124 0.1000000015
18912  41.429  27.943  20.043 0.1000000015
18870  40.687  28.158  18.963 0.1000000015
18828  39.886  29.366  18.266 0.1000000015
18784  39.195  29.656  17.133 0.1000000015
18738  39.377  29.164  15.465 0.1000000015
18590  49.075  27.337  12.700 0.1000000015
18739  38.569  29.989  15.989 0.1000000015
18592  46.293  28.882  12.248 0.1000000015
18690  41.733  28.656  14.074 0.1000000015
18691  40.447  29.181  14.165 0.1000000015
18642  43.365  28.942  13.165 0.1000000015
18692  39.282  29.839  14.377 0.1000000015
18488  52.943  26.237  11.213 0.1000000015
18436  53.971  26.054  10.095 0.1000000015
11469  48.346  23.962  7.799 0.1000000015
11447  46.167  24.680  7.260 0.1000000015
11424  43.882  25.339  6.881 0.1000000015
11425  43.265  26.105  6.215 0.1000000015
11401  41.011  26.845  5.944 0.1000000015
11375  39.556  26.923  6.462 0.1000000015
11426  42.512  26.769  5.511 0.1000000015
11402  40.366  27.585  5.145 0.1000000015
18913  41.722  28.944  20.482 0.1000000015
18954  42.570  28.453  21.462 0.1000000015
18871  40.763  29.237  19.452 0.1000000015
18541  49.054  27.994  11.428 0.1000000015
18693  38.204  30.467  14.778 0.1000000015
18542  47.732  28.923  11.273 0.1000000015
18593  44.982  29.502  12.310 0.1000000015
18643  41.850  29.452  13.161 0.1000000015
18644  40.470  30.052  13.277 0.1000000015
18594  43.590  30.024  12.338 0.1000000015
18383  54.477  25.436  9.038 0.1000000015
11448  45.388  25.397  6.454 0.1000000015
11449  44.735  26.182  5.704 0.1000000015
11473  45.710  26.874  4.582 0.1000000015
11496  46.974  27.486  3.723 0.1000000015
11450  44.104  26.851  5.009 0.1000000015
11427  41.863  27.324  4.717 0.1000000015
18955  43.293  29.318  21.647 0.1000000015
18914  42.269  29.860  20.728 0.1000000015
18872  41.245  30.229  19.680 0.1000000015
18785  39.020  30.687  17.607 0.1000000015
18740  38.024  30.936  16.561 0.1000000015
18437  53.083  26.902  9.805 0.1000000015
18489  51.739  26.956  10.820 0.1000000015
18694  37.230  31.234  15.376 0.1000000015
18490  50.418  27.745  10.515 0.1000000015
18543  46.428  29.813  11.315 0.1000000015
18645  39.146  30.539  13.461 0.1000000015
18329  54.081  24.740  8.168 0.1000000015
11492  49.113  24.934  6.953 0.1000000015
11470  47.638  24.773  7.096 0.1000000015
11471  46.910  25.439  6.155 0.1000000015
11472  46.255  26.109  5.303 0.1000000015
11495  47.410  26.797  4.273 0.1000000015
18956  44.086  30.144  21.730 0.1000000015
18829  40.167  30.475  18.668 0.1000000015
18438  51.931  27.740  9.545 0.1000000015
18491  49.214  28.721  10.310 0.1000000015
18544  45.120  30.552  11.396 0.1000000015
18646  37.922  31.071  13.735 0.1000000015
18384  54.090  26.561  8.859 0.1000000015
18492  47.912  29.717  10.353 0.1000000015
18595  42.049  30.510  12.338 0.1000000015
18596  40.519  30.915  12.379 0.1000000015
18330  54.276  25.971  7.945 0.1000000015
18545  43.758  31.043  11.453 0.1000000015
18597  39.067  31.262  12.523 0.1000000015
18546  42.164  31.402  11.420 0.1000000015
11517  48.851  27.287  3.379 0.1000000015
11518  48.215  28.037  2.784 0.1000000015
18957  44.862  31.055  21.762 0.1000000015
18915  42.995  30.687  20.815 0.1000000015
18873  41.695  31.128  19.815 0.1000000015
18830  40.400  31.527  18.974 0.1000000015
18385  53.253  27.582  8.598 0.1000000015
18439  50.675  28.653  9.367 0.1000000015
18331  53.985  27.139  7.701 0.1000000015
18386  52.112  28.549  8.375 0.1000000015
18493  46.597  30.625  10.414 0.1000000015
18647  36.723  31.814  14.197 0.1000000015
18440  49.364  29.562  9.260 0.1000000015
18441  48.129  30.452  9.391 0.1000000015
18598  37.596  31.729  12.677 0.1000000015
18275  53.533  25.432  7.113 0.1000000015
18494  45.147  31.256  10.411 0.1000000015
18495  43.623  31.767  10.345 0.1000000015
18547  40.561  31.797  11.465 0.1000000015
11493  48.451  25.541  5.913 0.1000000015
11494  47.842  26.093  4.952 0.1000000015
11558  51.156  28.407  1.505 0.1000000015
11539  49.368  28.472  1.656 0.1000000015
11559  50.471  28.860  0.611 0.1000000015
18916  43.559  31.607  20.892 0.1000000015
18786  39.027  31.819  18.066 0.1000000015
18741  37.654  31.970  17.106 0.1000000015
18648  36.025  32.917  14.818 0.1000000015
18276  53.875  26.580  6.795 0.1000000015
18442  46.666  31.168  9.457 0.1000000015
18496  42.104  32.154  10.337 0.1000000015
18548  38.934  32.088  11.462 0.1000000015
11514  50.049  25.674  5.820 0.1000000015
11516  49.176  26.580  4.040 0.1000000015
11538  50.110  27.841  2.444 0.1000000015
18958  45.558  31.952  22.090 0.1000000015
18332  53.267  28.135  7.473 0.1000000015
18695  36.711  32.294  16.010 0.1000000015
18696  36.491  33.496  16.651 0.1000000015
18649  35.806  34.193  15.466 0.1000000015
18387  50.899  29.423  8.237 0.1000000015
18333  52.264  29.052  7.335 0.1000000015
18599  36.364  32.573  13.035 0.1000000015
10111  53.018  25.970  6.114 0.1000000015
11534  51.649  25.760  5.799 0.1000000015
18388  49.546  30.253  8.232 0.1000000015
18443  45.091  31.664  9.330 0.1000000015
18497  40.537  32.478  10.407 0.1000000015
18600  35.607  33.752  13.545 0.1000000015
18389  48.272  30.980  8.394 0.1000000015
18390  46.749  31.545  8.285 0.1000000015
18444  43.622  32.339  9.160 0.1000000015
18549  37.355  32.561  11.482 0.1000000015
11535  51.180  26.173  4.855 0.1000000015
11515  49.553  26.097  4.834 0.1000000015
11577  51.942  29.223  0.813 0.1000000015
18998  46.674  31.175  22.843 0.1000000015
18874  42.151  32.137  20.110 0.1000000015
18831  40.623  32.571  19.429 0.1000000015
18787  39.046  32.919  18.712 0.1000000015
18742  37.560  33.097  17.679 0.1000000015
18277  53.708  27.516  6.510 0.1000000015
11554  52.583  26.414  5.035 0.1000000015
18334  51.088  29.921  7.249 0.1000000015
18335  49.815  30.632  7.309 0.1000000015
18391  45.137  32.065  8.223 0.1000000015
18445  42.138  32.818  9.251 0.1000000015
18337  46.888  31.967  7.131 0.1000000015
18446  40.502  33.207  9.271 0.1000000015
18498  38.880  32.905  10.351 0.1000000015
18550  36.103  33.475  11.738 0.1000000015
11556  52.003  27.189  3.377 0.1000000015
11536  50.864  26.503  3.986 0.1000000015
11537  50.605  27.073  3.257 0.1000000015
11557  51.689  27.833  2.491 0.1000000015
11576  52.383  28.829  1.878 0.1000000015
18697  36.569  34.704  17.279 0.1000000015
18650  36.045  35.557  16.042 0.1000000015
18278  53.200  28.547  6.452 0.1000000015
18601  35.410  35.147  14.063 0.1000000015
10110  53.486  26.886  5.628 0.1000000015
18279  52.366  29.518  6.299 0.1000000015
11573  53.161  27.322  4.732 0.1000000015
18280  51.297  30.360  6.231 0.1000000015
18336  48.455  31.372  7.237 0.1000000015
11555  52.244  26.778  4.186 0.1000000015
18392  43.705  32.788  8.296 0.1000000015
18499  37.283  33.487  10.295 0.1000000015
18551  35.390  34.720  12.188 0.1000000015
18393  42.177  33.430  8.340 0.1000000015
18447  38.893  33.714  9.185 0.1000000015
11575  52.664  28.202  2.886 0.1000000015
18339  43.870  33.314  7.517 0.1000000015
18448  37.355  34.398  9.158 0.1000000015
18500  36.081  34.457  10.484 0.1000000015
18340  42.281  33.928  7.432 0.1000000015
18394  40.551  33.918  8.154 0.1000000015
18395  39.017  34.477  7.953 0.1000000015
18285  44.135  34.103  6.791 0.1000000015
18341  40.766  34.509  7.114 0.1000000015
18286  42.548  34.497  6.513 0.1000000015
18342  39.303  35.171  6.892 0.1000000015
18917  44.094  32.504  21.446 0.1000000015
18832  40.757  33.402  20.195 0.1000000015
10109  53.503  27.905  5.512 0.1000000015
18282  48.605  31.777  6.223 0.1000000015
18283  47.071  32.685  6.332 0.1000000015
18338  45.274  32.640  7.285 0.1000000015
10103  47.356  33.560  5.770 0.1000000015
18284  45.595  33.437  6.635 0.1000000015
18396  37.660  35.328  8.019 0.1000000015
18875  42.433  32.949  20.800 0.1000000015
18232  37.145  38.369  16.546 0.1000000015
18651  36.588  36.968  16.370 0.1000000015
18602  35.796  36.529  14.527 0.1000000015
18281  50.047  30.999  6.204 0.1000000015
18552  35.286  36.053  12.643 0.1000000015
10105  50.203  31.533  5.234 0.1000000015
10104  48.830  32.499  5.422 0.1000000015
18501  35.461  35.716  10.886 0.1000000015
11653  50.104  32.436  4.573 0.1000000015
18449  36.367  35.454  9.335 0.1000000015
18343  38.161  36.125  6.970 0.1000000015
18231  37.364  37.489  17.779 0.1000000015
10107  52.423  29.928  5.267 0.1000000015
10106  51.427  30.753  5.168 0.1000000015
11624  52.332  30.367  4.250 0.1000000015
11639  51.358  31.308  4.367 0.1000000015
18450  35.860  36.707  9.659 0.1000000015
18397  36.845  36.406  8.306 0.1000000015
18698  36.914  36.059  17.692 0.1000000015
18788  39.119  33.756  19.417 0.1000000015
11128  31.335  20.630  10.867 0.1000000015
11259  35.205  24.784  9.821 0.1000000015
11198  31.375  25.204  8.951 0.1000000015
11451  43.457  27.301  4.391 0.1000000015
11574  52.848  27.717  3.805 0.1000000015
18468  47.598  2.106  9.527 0.1000000015
18469  47.578  3.449  7.844 0.1000000015
18519  48.589  2.757  7.632 0.1000000015
18520  48.596  4.093  5.844 0.1000000015
18569  49.597  3.420  5.671 0.1000000015
