#!ascii label  , from subject 32k_fs_LR vox2ras=TkReg
1731
24777  10.126  -98.760  11.989 0.6000000238
23154  11.043  -100.019  9.827 0.5000000000
23153  11.448  -99.815  11.087 0.6999999881
23155  10.957  -100.010  8.440 0.2000000030
24778  10.671  -98.423  12.727 0.8999999762
23152  12.135  -99.340  11.751 0.8000000119
23874  12.391  -100.866  8.808 0.6999999881
24831  9.025  -97.455  12.639 0.6999999881
24779  11.475  -97.856  12.665 0.8999999762
24776  9.871  -98.854  10.963 0.6999999881
23700  15.869  -98.637  12.209 1.0000000000
23151  12.944  -98.742  11.721 0.8999999762
23699  16.803  -99.489  11.391 0.8999999762
23745  14.864  -99.300  11.605 1.0000000000
23744  15.869  -100.126  10.620 0.8999999762
23832  13.026  -100.528  10.124 0.8999999762
23915  11.977  -100.893  7.204 0.3000000119
23871  16.040  -101.320  2.675 0.3000000119
23913  14.237  -101.179  3.073 0.3000000119
24885  8.484  -95.888  13.778 1.0000000000
24884  7.975  -96.019  13.185 0.6999999881
24830  9.035  -97.381  11.577 0.4000000060
24832  9.519  -97.239  13.270 1.0000000000
24833  10.245  -96.826  13.441 0.8999999762
24834  11.214  -96.246  13.214 1.0000000000
23606  18.903  -98.445  12.907 0.6999999881
23654  16.941  -98.059  13.018 0.6999999881
23653  17.825  -98.975  12.172 1.0000000000
23149  15.258  -97.319  11.977 0.8000000119
23150  13.951  -98.050  11.673 1.0000000000
24780  12.440  -97.267  12.323 0.8999999762
23698  17.926  -99.754  9.649 0.8999999762
23789  13.950  -99.979  11.074 0.8999999762
23743  16.990  -100.213  8.738 0.8999999762
23788  14.969  -100.755  9.602 0.8999999762
23697  19.035  -99.454  7.671 0.8999999762
23831  14.033  -101.151  8.222 0.6999999881
23742  18.015  -99.720  6.648 0.8000000119
23787  16.032  -100.567  7.592 0.8000000119
23873  13.435  -101.419  6.560 0.5000000000
23741  19.220  -99.829  4.768 0.6999999881
23786  17.085  -100.315  5.465 0.6999999881
23830  15.184  -101.078  6.117 0.6000000238
23914  13.014  -101.237  4.968 0.3000000119
23785  18.499  -100.399  3.564 0.6000000238
23872  14.647  -101.465  4.505 0.6000000238
23784  19.928  -100.143  1.815 0.5000000000
23829  16.536  -101.061  4.123 0.6000000238
23828  17.902  -100.777  2.153 0.5000000000
23827  19.130  -100.050  0.385 0.5000000000
23912  15.596  -101.174  1.233 0.2000000030
23953  14.252  -100.677  1.870 0.2000000030
23870  17.330  -100.937  0.750 0.3000000119
23869  18.435  -100.413  -1.167 0.2000000030
23911  16.693  -101.006  -0.742 0.2000000030
24936  6.783  -94.546  13.062 0.6000000238
24886  9.335  -95.467  14.100 1.0000000000
24883  8.058  -95.852  12.012 0.4000000060
24887  10.263  -94.944  13.941 1.0000000000
23607  18.058  -97.669  13.888 0.6999999881
23148  16.340  -96.698  12.690 0.8000000119
24781  13.454  -96.517  11.926 0.8999999762
23652  18.846  -99.191  10.398 0.8999999762
23651  19.949  -99.082  8.609 0.8999999762
23696  20.056  -99.402  5.812 0.8999999762
23739  21.862  -99.758  1.482 0.6999999881
23740  20.548  -100.030  3.156 0.6000000238
23695  21.113  -99.363  4.173 0.8000000119
24937  7.365  -94.363  13.993 0.8999999762
24935  6.735  -94.188  11.901 0.6999999881
24987  5.795  -93.094  12.900 0.8000000119
24829  9.582  -96.852  10.446 0.3000000119
24888  11.316  -94.466  13.675 1.0000000000
24835  12.152  -95.617  12.788 1.0000000000
23147  17.434  -96.415  13.908 0.8000000119
23557  20.769  -97.866  11.862 0.8999999762
23605  19.822  -98.675  11.293 0.8999999762
24782  14.686  -95.736  11.863 0.8000000119
23604  20.772  -98.578  9.629 0.8999999762
23650  20.936  -98.933  6.819 1.0000000000
23694  22.180  -99.173  2.673 0.8000000119
23783  21.143  -99.468  0.063 0.5000000000
23826  20.085  -99.153  -1.442 0.5000000000
24882  8.683  -95.061  10.718 0.3000000119
24934  7.464  -93.705  10.394 0.4000000060
24986  5.900  -92.857  11.354 0.6999999881
24889  12.366  -93.881  13.333 0.8000000119
24783  15.961  -95.086  12.597 0.8000000119
24836  13.220  -94.871  12.404 0.8000000119
23603  21.683  -98.268  7.915 0.8999999762
23649  21.520  -98.462  5.288 0.8999999762
23738  22.842  -99.105  -0.069 0.5000000000
23868  19.112  -99.806  -3.239 0.2000000030
23825  20.790  -98.551  -3.261 0.5000000000
24938  8.326  -94.079  14.327 1.0000000000
24988  6.491  -93.002  13.893 0.8999999762
24939  9.350  -93.614  14.307 1.0000000000
24940  10.394  -93.125  14.047 1.0000000000
24941  11.532  -92.682  13.685 0.8999999762
24985  6.304  -92.370  9.685 0.4000000060
25036  5.388  -91.321  10.744 0.6000000238
24890  13.614  -93.236  13.187 0.6999999881
25035  5.562  -90.764  9.153 0.6000000238
24784  17.028  -94.811  13.940 0.6999999881
23507  22.385  -96.924  10.989 0.8000000119
23556  21.561  -97.933  10.531 0.8000000119
24837  14.472  -94.017  12.450 0.6999999881
23648  22.250  -98.072  3.708 0.8000000119
23693  23.189  -98.814  1.470 0.8999999762
23782  21.935  -98.548  -1.472 0.5000000000
23781  22.917  -98.136  -2.637 0.5000000000
23824  22.031  -98.425  -4.670 0.5000000000
23867  19.871  -99.322  -5.307 0.5000000000
23866  21.383  -99.237  -6.679 0.4000000060
23823  23.445  -98.718  -5.689 0.5000000000
23907  20.760  -99.846  -8.247 0.4000000060
25037  5.399  -91.604  12.343 1.0000000000
24989  7.477  -92.667  14.324 1.0000000000
24992  10.854  -91.177  13.747 0.8000000119
24942  12.828  -92.082  13.690 0.8000000119
25085  5.252  -89.441  10.489 0.8000000119
24838  15.610  -93.375  13.305 0.6999999881
23555  22.481  -97.746  9.118 0.8999999762
23602  22.244  -97.638  6.418 0.8999999762
23601  22.615  -96.989  4.971 0.8999999762
23647  23.213  -97.823  2.462 1.0000000000
23737  23.776  -98.398  -1.098 0.6999999881
23692  24.228  -98.260  0.391 0.8000000119
24757  5.381  -86.899  -7.847 0.6000000238
23173  5.974  -88.305  -9.536 0.6000000238
23780  24.171  -98.206  -3.726 0.5000000000
23779  25.484  -98.336  -4.743 0.6000000238
23865  22.769  -99.358  -7.320 0.5000000000
25086  5.577  -89.870  11.824 0.8999999762
25084  5.155  -88.889  9.101 0.6999999881
23554  23.292  -97.234  7.532 0.8000000119
23600  23.356  -96.722  3.586 0.8999999762
23175  8.360  -85.828  -8.354 0.8000000119
23174  6.918  -86.923  -9.072 0.8000000119
24756  6.474  -85.601  -7.460 0.6999999881
23691  25.393  -97.822  -0.454 0.8999999762
24504  7.532  -87.176  -10.598 0.6000000238
23736  25.020  -98.081  -1.897 0.6000000238
23690  26.753  -97.225  -0.923 0.8999999762
23735  26.325  -97.788  -2.670 0.8999999762
23822  24.750  -98.894  -6.425 0.6999999881
25038  5.999  -91.746  13.712 1.0000000000
25132  4.931  -86.847  9.560 0.4000000060
25133  5.261  -87.610  10.679 0.6000000238
23506  23.341  -97.107  10.039 0.8000000119
23505  24.427  -96.896  8.676 0.8000000119
23553  23.783  -96.638  6.059 0.8000000119
23552  24.175  -96.132  4.883 0.8000000119
23599  24.093  -96.339  2.305 0.8999999762
23646  24.123  -97.477  1.448 0.8999999762
23176  9.742  -84.724  -7.410 1.0000000000
24755  7.622  -84.529  -6.540 0.8999999762
24810  5.944  -83.831  -6.417 0.6999999881
23645  25.053  -96.894  0.515 0.8999999762
23644  26.608  -96.307  -0.034 0.8999999762
23778  26.582  -97.945  -5.723 0.8000000119
23734  27.394  -97.286  -3.783 0.6000000238
23689  28.238  -96.514  -1.443 0.6999999881
25179  5.045  -84.966  10.094 0.3000000119
23456  24.104  -96.012  10.804 0.8000000119
23551  24.635  -95.532  3.522 0.8999999762
23733  27.864  -96.507  -4.772 0.8000000119
23777  27.383  -97.096  -6.531 0.8999999762
23688  28.747  -95.727  -2.694 0.5000000000
23642  29.109  -94.875  -0.886 0.6000000238
24482  6.578  -88.709  -10.687 0.6000000238
23821  25.971  -98.480  -7.311 0.6000000238
23864  24.145  -99.278  -8.140 0.4000000060
23504  25.190  -96.484  7.102 0.8000000119
23503  25.437  -95.881  5.716 0.8000000119
23178  12.099  -81.721  -6.457 0.8999999762
23177  10.960  -83.337  -6.803 1.0000000000
24754  8.934  -83.321  -5.795 1.0000000000
24809  7.049  -82.669  -5.658 0.6999999881
23597  26.174  -95.467  0.653 0.8000000119
24564  11.531  -83.467  -8.726 1.0000000000
24545  10.232  -84.719  -9.426 0.8999999762
24525  8.853  -85.964  -10.156 0.8000000119
23687  28.668  -94.869  -3.813 0.6999999881
23596  27.606  -94.887  0.331 0.6999999881
23643  28.186  -95.634  -0.225 0.8000000119
24481  8.322  -87.408  -11.612 0.8999999762
24458  7.333  -88.994  -11.290 0.6000000238
23820  26.925  -97.553  -8.215 0.8000000119
23863  25.321  -98.791  -9.016 0.6000000238
23905  23.426  -99.451  -9.914 0.4000000060
25225  5.039  -83.289  10.586 0.6000000238
24582  12.416  -82.000  -8.096 0.8999999762
24753  10.365  -81.992  -5.491 1.0000000000
23819  27.598  -96.335  -9.007 0.8999999762
23776  27.779  -95.983  -7.325 0.8000000119
23732  28.019  -95.543  -5.552 0.8000000119
24503  9.435  -85.996  -11.768 0.8999999762
23595  28.676  -94.057  0.043 0.6000000238
23641  29.370  -94.210  -2.127 0.5000000000
24434  6.815  -90.394  -10.662 0.5000000000
23861  27.493  -96.515  -10.707 1.0000000000
23594  29.423  -93.409  -0.625 0.5000000000
23862  26.437  -97.797  -10.011 1.0000000000
23904  24.591  -98.741  -10.878 0.6999999881
25180  5.550  -85.755  10.907 0.6999999881
25224  5.438  -82.481  9.717 0.1000000015
24599  13.288  -80.428  -7.613 0.8999999762
24808  8.375  -81.550  -5.063 0.8000000119
23547  27.988  -93.134  0.648 0.5000000000
23775  28.201  -94.736  -8.115 0.8999999762
24544  11.593  -82.994  -10.642 1.0000000000
24524  10.604  -84.515  -11.356 0.8999999762
23686  28.557  -93.823  -4.591 0.6999999881
23640  29.262  -93.470  -3.179 0.6000000238
24408  7.965  -90.463  -10.585 0.8000000119
24381  9.294  -90.304  -9.715 0.8000000119
24433  8.536  -89.092  -11.364 0.6999999881
24457  9.433  -87.736  -12.008 0.8000000119
23593  29.769  -92.764  -1.683 0.5000000000
23903  25.863  -97.657  -11.683 0.8999999762
23945  22.605  -99.287  -11.695 0.5000000000
25226  5.754  -83.963  11.460 0.8000000119
25270  4.770  -81.635  11.306 0.4000000060
24752  11.630  -80.578  -5.376 0.8999999762
24862  6.318  -80.997  -5.006 0.8000000119
24563  12.322  -81.558  -9.919 1.0000000000
23818  28.551  -95.096  -9.696 0.8000000119
23731  28.161  -94.326  -6.407 0.8000000119
23546  28.946  -92.463  0.182 0.4000000060
24502  11.396  -84.784  -12.839 0.8999999762
24354  9.375  -91.747  -8.537 0.6000000238
24407  9.794  -89.079  -10.864 0.8999999762
23944  23.754  -98.377  -12.586 0.5000000000
23984  21.607  -98.693  -13.188 0.3000000119
25182  6.203  -87.034  13.438 1.0000000000
25134  5.627  -88.185  11.991 1.0000000000
25227  6.602  -84.731  12.299 0.8999999762
25181  6.034  -86.599  12.001 0.8000000119
24615  13.926  -78.866  -7.134 0.8999999762
23179  13.035  -80.017  -6.227 0.8999999762
24861  7.691  -80.034  -4.305 1.0000000000
24915  4.680  -80.282  -4.273 0.6000000238
24863  5.343  -82.180  -5.525 0.5000000000
23545  29.704  -91.840  -0.560 0.5000000000
24581  13.135  -80.159  -9.222 0.8999999762
23639  29.298  -92.388  -4.130 0.6000000238
23860  28.807  -95.181  -11.408 0.8000000119
23902  27.324  -96.261  -12.423 0.8999999762
24480  10.433  -86.348  -12.741 0.8999999762
24432  10.724  -88.017  -11.803 0.8999999762
23943  25.152  -97.141  -13.035 1.0000000000
25228  7.026  -85.413  13.515 1.0000000000
24630  14.295  -77.323  -6.930 0.8000000119
23180  13.638  -78.333  -6.111 0.8999999762
24751  12.650  -78.982  -5.241 0.8999999762
24807  9.736  -80.568  -4.620 1.0000000000
24598  13.861  -78.897  -8.603 0.8000000119
23685  28.935  -92.732  -5.589 0.6000000238
24523  12.210  -83.032  -12.423 1.0000000000
23901  28.970  -94.889  -13.173 0.8000000119
23942  27.035  -95.524  -13.754 1.0000000000
23982  24.706  -96.288  -13.630 1.0000000000
23983  22.966  -97.461  -13.532 0.6000000238
24022  20.890  -97.615  -13.563 0.5000000000
25273  7.366  -83.375  14.557 1.0000000000
25272  6.645  -82.797  13.404 0.8999999762
24614  14.553  -77.551  -8.070 0.6999999881
24613  16.065  -76.508  -8.889 0.6000000238
24806  11.117  -79.270  -4.118 1.0000000000
24860  9.195  -78.940  -3.397 1.0000000000
23592  29.773  -91.877  -2.831 0.5000000000
24580  13.925  -78.532  -10.049 0.8000000119
24562  13.244  -79.816  -10.839 0.8000000119
24914  5.806  -79.197  -3.715 1.0000000000
24543  12.724  -81.320  -11.655 1.0000000000
24197  20.588  -91.374  -7.147 0.8000000119
24230  18.692  -90.639  -6.702 0.8000000119
23941  28.559  -93.987  -14.367 0.8000000119
23981  26.458  -94.470  -14.038 0.6999999881
24056  25.545  -92.314  -11.542 0.6000000238
24262  16.999  -89.860  -6.543 0.8000000119
24479  12.768  -85.513  -13.464 0.8000000119
24019  25.911  -93.436  -13.066 0.8000000119
24057  24.096  -94.067  -11.749 0.6000000238
24093  24.028  -92.928  -10.109 0.6000000238
24164  20.624  -93.077  -8.650 0.8000000119
24198  18.959  -92.438  -7.998 0.8999999762
24263  15.711  -91.067  -7.089 0.8999999762
24294  14.093  -90.641  -6.756 0.8999999762
24324  12.323  -90.330  -7.184 0.8999999762
24231  17.288  -91.666  -7.471 0.8999999762
24353  10.747  -90.086  -8.346 0.8999999762
24380  11.077  -88.861  -9.717 0.8999999762
24456  11.674  -86.829  -12.787 0.8999999762
24165  18.930  -93.877  -9.687 0.8000000119
24232  15.878  -92.540  -8.418 0.8999999762
24264  14.368  -92.144  -7.774 0.8999999762
24059  20.449  -96.503  -13.045 0.6999999881
24060  19.050  -97.412  -13.283 0.6999999881
24021  22.497  -96.403  -13.378 0.8000000119
24096  18.701  -96.303  -12.742 0.6999999881
24132  17.237  -95.647  -11.855 0.6000000238
25271  5.477  -82.323  12.429 0.6999999881
25315  5.134  -80.694  13.413 0.5000000000
24641  19.219  -73.874  -6.631 0.4000000060
24642  17.954  -74.496  -7.314 0.4000000060
24628  17.156  -75.604  -8.218 0.4000000060
24643  16.333  -75.040  -7.379 0.5000000000
24644  14.761  -75.824  -6.948 0.5000000000
24627  18.743  -74.955  -8.051 0.4000000060
23181  13.967  -76.741  -6.105 0.6999999881
24750  13.370  -77.298  -5.101 0.8999999762
24805  12.353  -77.777  -3.732 0.8999999762
24612  17.966  -75.675  -9.193 0.4000000060
23544  30.062  -91.230  -1.547 0.4000000060
24913  7.245  -78.276  -2.675 1.0000000000
24597  14.894  -77.437  -9.422 0.6000000238
24542  14.255  -79.819  -12.187 0.8000000119
24521  15.953  -80.467  -12.649 0.6000000238
24522  13.987  -81.657  -12.853 0.8000000119
24501  13.523  -83.696  -13.388 0.8000000119
24163  22.263  -91.679  -7.826 0.6000000238
24292  17.008  -88.098  -7.004 0.8999999762
24293  15.512  -89.326  -6.673 0.8000000119
24094  22.260  -94.595  -10.871 0.6999999881
24130  20.515  -94.535  -10.353 0.8000000119
24166  17.288  -94.393  -10.544 0.8999999762
24199  17.349  -93.144  -8.980 0.8999999762
24200  15.916  -93.923  -9.905 0.8999999762
24406  11.864  -87.965  -11.064 0.8999999762
24020  24.245  -95.126  -13.123 0.8000000119
24058  22.203  -95.425  -12.384 0.6999999881
25316  6.336  -81.193  14.469 0.8000000119
24640  20.405  -73.179  -5.931 0.3000000119
24626  20.076  -74.081  -7.371 0.4000000060
24596  16.761  -76.458  -9.954 0.5000000000
24579  15.580  -77.271  -10.680 0.5000000000
24859  10.625  -77.824  -2.636 1.0000000000
24561  14.748  -78.310  -11.417 0.8000000119
24129  22.316  -93.300  -9.290 0.6000000238
24322  15.768  -87.808  -7.852 0.8999999762
24323  13.944  -88.880  -7.373 0.8999999762
24352  12.465  -88.857  -8.434 1.0000000000
24500  15.527  -82.528  -13.160 0.5000000000
24131  18.776  -95.100  -11.353 0.8999999762
25317  7.132  -81.542  15.740 0.8000000119
25358  4.713  -79.017  14.237 0.5000000000
25314  4.692  -80.010  11.992 0.5000000000
25269  5.622  -80.859  10.617 0.2000000030
24657  15.617  -74.458  -6.610 0.3000000119
23182  14.496  -75.268  -5.860 0.5000000000
24749  13.928  -75.780  -4.855 0.8999999762
24804  13.119  -76.258  -3.639 0.8999999762
24611  19.577  -74.665  -8.800 0.3000000119
24912  8.716  -77.413  -1.882 1.0000000000
24595  18.738  -75.393  -9.832 0.3000000119
24519  19.105  -78.462  -11.064 0.5000000000
24965  5.684  -77.554  -2.020 0.8999999762
24520  17.780  -79.427  -12.094 0.6000000238
24541  16.214  -78.695  -12.117 0.5000000000
24478  15.068  -84.543  -13.627 0.6000000238
24095  20.344  -95.670  -11.915 0.8000000119
24431  13.048  -87.131  -12.246 0.8000000119
25360  6.730  -79.851  16.627 0.8000000119
25359  5.992  -79.457  15.346 0.8000000119
25357  4.197  -78.355  12.747 0.5000000000
25313  5.449  -79.199  11.456 0.4000000060
24655  18.627  -73.003  -6.334 0.2000000030
24656  17.277  -73.710  -6.809 0.2000000030
24669  16.575  -72.884  -6.293 0.4000000060
24639  21.541  -72.167  -5.312 0.2000000030
24578  17.699  -76.314  -10.727 0.5000000000
24560  16.804  -77.298  -11.433 0.5000000000
24964  7.073  -76.941  -1.093 1.0000000000
24539  19.667  -77.020  -10.491 0.4000000060
24540  18.068  -77.817  -11.386 0.5000000000
25016  4.581  -77.094  -0.471 0.6000000238
25015  5.546  -76.185  -0.059 0.8999999762
24455  14.162  -86.107  -13.248 0.6999999881
25318  7.122  -82.098  17.024 0.8999999762
24653  20.821  -71.428  -5.010 0.2000000030
24654  19.656  -72.225  -5.574 0.2000000030
24624  22.271  -72.187  -5.666 0.2000000030
24668  18.114  -71.915  -6.469 0.2000000030
23183  15.285  -73.825  -5.566 0.4000000060
24625  21.227  -73.168  -6.576 0.2000000030
24911  10.019  -76.403  -1.326 1.0000000000
24610  20.837  -73.748  -7.951 0.3000000119
24858  11.793  -76.470  -2.326 0.8999999762
24594  20.345  -74.398  -9.231 0.3000000119
24518  20.157  -77.634  -9.791 0.4000000060
24577  19.703  -75.420  -10.187 0.3000000119
25014  6.662  -75.264  0.751 1.0000000000
25361  6.605  -80.364  17.897 0.8999999762
25402  6.298  -78.010  17.292 0.8999999762
25401  5.251  -77.521  16.068 0.8999999762
24667  19.172  -70.979  -5.948 0.2000000030
24748  14.444  -74.308  -4.680 0.6999999881
24962  9.206  -74.806  0.129 1.0000000000
24803  13.667  -74.790  -3.590 0.8999999762
24857  12.635  -75.150  -2.260 0.8999999762
24910  11.007  -75.202  -1.041 0.8999999762
24559  18.849  -76.500  -10.867 0.4000000060
25403  6.227  -78.778  18.680 0.8000000119
25400  4.009  -77.205  14.826 0.6999999881
25444  5.807  -76.897  19.056 0.8000000119
25445  5.240  -77.809  20.301 0.8000000119
25443  5.343  -76.067  17.659 0.8999999762
25442  4.151  -75.606  16.422 0.8999999762
25399  3.768  -76.444  13.312 0.3000000119
23184  15.701  -72.099  -5.767 0.4000000060
24747  14.684  -72.642  -4.808 0.6999999881
24802  13.885  -73.268  -3.723 0.8999999762
24856  13.002  -73.778  -2.568 0.8999999762
24909  11.584  -73.911  -1.299 0.8999999762
24746  14.472  -71.064  -5.746 0.6000000238
24801  13.499  -71.835  -4.613 0.6999999881
24961  9.929  -73.573  -0.182 0.8999999762
24855  12.785  -72.420  -3.395 0.6999999881
24800  13.044  -70.488  -6.086 0.4000000060
24854  12.167  -71.210  -4.890 0.6999999881
24853  11.830  -69.503  -6.092 0.5000000000
24906  10.781  -70.077  -4.988 0.5000000000
25485  4.904  -76.054  20.567 0.8000000119
25484  4.874  -75.178  19.265 0.8000000119
25483  4.145  -74.341  18.091 0.8999999762
25398  4.958  -75.686  12.793 0.3000000119
25440  3.832  -74.389  13.844 0.4000000060
24908  11.678  -72.621  -2.177 0.8999999762
24907  11.338  -71.387  -3.606 0.6000000238
25012  8.433  -72.965  0.914 1.0000000000
25013  7.620  -74.171  1.142 1.0000000000
24959  10.327  -71.312  -2.288 0.8999999762
24799  13.296  -68.557  -7.089 0.3000000119
24958  10.070  -70.265  -3.683 0.6999999881
25063  5.993  -73.310  2.121 0.8000000119
25441  3.484  -75.099  15.019 0.6999999881
24960  10.329  -72.342  -0.974 0.8999999762
25011  8.911  -71.885  0.138 0.8999999762
25065  4.519  -75.476  1.389 0.4000000060
25064  5.198  -74.417  1.754 0.6000000238
25062  6.797  -72.153  1.869 0.8999999762
25009  9.277  -70.128  -2.215 0.8999999762
25010  9.154  -71.055  -1.004 0.8999999762
25523  4.174  -73.584  19.708 0.8000000119
25482  3.431  -73.619  16.663 0.8999999762
25439  5.092  -73.941  13.401 0.2000000030
25061  7.559  -71.132  1.154 0.8000000119
24957  10.879  -68.660  -3.921 0.6000000238
25481  3.370  -72.920  15.209 0.6999999881
25112  4.900  -72.491  3.287 0.6000000238
25008  10.217  -68.821  -2.601 0.8000000119
25111  5.386  -71.253  2.909 0.6999999881
25060  7.978  -70.358  0.187 0.8999999762
25110  6.163  -70.269  2.324 0.8999999762
25059  8.457  -69.577  -0.570 0.8999999762
25522  3.618  -72.543  18.426 0.8000000119
25480  4.024  -72.385  14.025 0.3000000119
25007  11.890  -67.862  -2.236 0.6000000238
25058  9.599  -68.655  -0.879 0.8000000119
25109  6.942  -69.504  1.811 0.8999999762
25560  3.737  -70.874  18.296 0.8999999762
25521  3.239  -71.629  16.764 0.8999999762
25057  11.049  -67.695  -0.783 0.6999999881
25670  9.547  -70.252  18.615 0.8000000119
25559  3.607  -69.884  16.378 0.8000000119
25520  3.558  -70.900  15.086 0.4000000060
25106  9.968  -66.959  0.466 0.8999999762
25107  8.833  -67.958  0.786 0.8999999762
25108  7.719  -68.825  1.212 0.8000000119
25158  5.111  -69.253  4.002 0.4000000060
25704  11.681  -69.815  18.205 0.8000000119
25669  9.205  -68.901  17.494 0.8000000119
25634  6.976  -69.581  17.935 0.8000000119
25597  4.699  -69.351  17.316 0.8999999762
25558  4.293  -69.034  14.612 0.6000000238
25155  7.763  -66.716  2.142 1.0000000000
25202  6.776  -65.482  3.425 0.8000000119
25156  6.815  -67.646  2.766 0.8000000119
25157  5.876  -68.415  3.427 0.8000000119
25633  6.661  -68.233  16.566 0.8999999762
25596  4.873  -68.329  15.589 0.8000000119
25203  6.016  -66.501  4.341 0.6000000238
25154  8.708  -65.868  1.448 1.0000000000
25056  12.261  -66.141  -1.208 0.6000000238
25204  5.405  -67.469  5.055 0.3000000119
24956  12.688  -67.379  -3.699 0.5000000000
25668  9.086  -67.519  16.157 0.8000000119
25249  6.155  -65.790  5.615 0.5000000000
25201  7.562  -64.627  2.435 1.0000000000
25006  13.528  -66.160  -2.304 0.5000000000
25702  11.723  -67.135  15.790 0.8000000119
25632  7.081  -67.101  14.999 0.8999999762
25667  9.692  -66.366  14.625 0.8000000119
25594  7.748  -67.009  12.695 0.5000000000
25248  6.444  -64.728  4.702 0.8000000119
24955  14.527  -65.796  -3.465 0.5000000000
25701  12.188  -65.940  14.387 0.8000000119
25631  8.402  -66.233  13.487 0.6000000238
25630  9.874  -65.792  11.831 0.5000000000
25292  7.520  -63.176  4.525 0.4000000060
25247  7.015  -63.725  3.601 0.6999999881
25105  10.968  -65.706  -0.359 0.6999999881
25666  10.793  -65.361  12.993 0.8000000119
25696  17.308  -66.790  8.680 0.4000000060
25662  15.832  -67.357  9.763 0.3000000119
25627  14.471  -67.822  10.986 0.2000000030
25593  9.610  -67.229  11.737 0.5000000000
25697  16.031  -65.874  8.704 0.4000000060
25663  14.367  -66.645  9.660 0.4000000060
25628  12.835  -67.108  10.643 0.2000000030
25629  11.378  -66.295  10.780 0.3000000119
25664  13.159  -65.667  10.051 0.5000000000
25153  9.634  -65.044  0.350 0.8999999762
25200  8.355  -64.020  1.289 1.0000000000
25700  13.091  -65.021  12.956 0.8000000119
25729  18.698  -66.070  7.794 0.6000000238
25698  14.960  -65.045  9.613 0.5000000000
25291  7.849  -62.148  3.363 0.5000000000
25246  7.651  -62.871  2.290 0.6999999881
25199  9.272  -63.323  -0.091 1.0000000000
25152  10.667  -63.817  -0.644 0.6000000238
25731  16.675  -64.755  9.694 0.5000000000
25665  12.026  -65.009  11.426 0.8000000119
25762  19.018  -65.186  8.708 0.8000000119
25730  17.636  -65.277  8.323 0.6999999881
25699  14.027  -64.618  11.298 0.6999999881
25732  15.908  -64.619  11.440 0.6999999881
25793  20.271  -65.336  9.192 0.8999999762
25792  21.132  -65.371  8.255 0.8999999762
25761  20.010  -65.583  7.789 0.8999999762
25290  8.381  -61.403  2.032 0.5000000000
25245  8.313  -62.290  0.869 0.8999999762
25763  18.182  -65.140  10.034 0.8000000119
25764  17.593  -65.014  11.668 0.8000000119
25822  22.207  -64.896  8.911 0.8999999762
25821  22.936  -64.762  8.194 0.8000000119
25850  23.364  -63.588  8.854 0.8999999762
25198  10.387  -61.646  -1.149 0.8000000119
25289  8.963  -60.481  0.790 1.0000000000
25244  9.277  -61.350  -0.398 1.0000000000
25879  23.110  -62.548  10.478 0.6999999881
25878  23.407  -62.266  9.568 0.8000000119
25903  23.600  -59.987  8.584 0.6000000238
25905  22.933  -60.871  10.343 0.4000000060
25931  22.052  -59.522  10.977 0.3000000119
25930  22.237  -59.066  9.999 0.1000000015
25955  20.830  -57.889  10.501 0.1000000015
25904  23.269  -60.522  9.335 0.4000000060
25979  19.008  -56.919  11.031 0.2000000030
25929  22.397  -58.582  8.982 0.4000000060
25954  20.823  -57.386  9.572 0.2000000030
25978  18.874  -56.556  10.149 0.1000000015
26001  17.008  -55.782  10.623 0.2000000030
26000  16.678  -55.220  9.852 0.2000000030
25932  22.048  -59.709  12.104 0.2000000030
25956  20.826  -58.169  11.566 0.1000000015
25902  23.815  -59.244  8.006 0.5000000000
25980  19.254  -56.976  12.079 0.1000000015
25928  22.453  -57.875  8.369 0.5000000000
25953  20.772  -56.792  8.920 0.2000000030
25977  18.731  -55.989  9.557 0.2000000030
25958  21.378  -58.260  13.869 0.1000000015
25957  20.997  -58.267  12.698 0.1000000015
25901  23.868  -58.296  7.726 0.6999999881
25927  22.314  -57.113  8.052 0.3000000119
25981  19.561  -56.944  13.209 0.1000000015
25844  26.925  -59.188  6.763 0.8999999762
25872  25.440  -57.707  7.170 0.6000000238
25899  23.557  -56.439  7.489 0.5000000000
25926  22.026  -56.249  7.878 0.4000000060
25873  25.520  -58.773  7.331 0.6000000238
25900  23.830  -57.408  7.595 0.4000000060
25951  20.058  -55.326  8.245 0.1000000015
93  19.463  -54.475  7.962 0.1000000015
25952  20.505  -56.115  8.522 0.2000000030
92  17.892  -54.578  8.540 0.1000000015
25976  18.404  -55.326  8.997 0.2000000030
91  16.252  -54.617  9.129 0.2000000030
25287  10.802  -57.170  -0.615 0.8000000119
25242  11.000  -57.096  -1.459 0.8000000119
25196  11.668  -57.187  -2.354 0.6999999881
25814  28.049  -59.569  5.953 1.0000000000
25843  26.880  -58.063  6.424 1.0000000000
25871  25.154  -56.595  6.974 0.6000000238
25898  23.037  -55.392  7.285 0.3000000119
25925  21.524  -55.317  7.721 0.1000000015
25813  27.953  -58.411  5.402 1.0000000000
25783  28.734  -59.903  4.720 1.0000000000
25286  11.622  -55.221  -1.310 0.6999999881
25195  12.153  -55.115  -2.950 0.6000000238
25842  26.548  -56.928  6.146 0.6000000238
25870  24.621  -55.495  6.724 0.5000000000
94  20.936  -54.440  7.425 0.1000000015
25782  28.434  -58.705  4.103 1.0000000000
25751  28.855  -60.090  3.405 0.8999999762
25750  28.264  -58.860  2.755 1.0000000000
25330  12.116  -55.652  -0.764 0.6000000238
25241  11.659  -55.061  -2.047 0.8000000119
25149  12.698  -57.454  -3.060 0.5000000000
95  22.368  -54.333  7.007 0.3000000119
1314  21.601  -53.375  6.714 0.2000000030
1285  20.201  -53.522  7.177 0.1000000015
25841  25.905  -55.732  5.847 0.6000000238
25812  27.511  -57.279  4.949 0.8000000119
25781  27.855  -57.542  3.523 0.8999999762
113  12.398  -53.051  -2.980 0.8000000119
111  12.902  -53.764  -1.648 0.6000000238
112  12.406  -53.317  -2.191 0.6999999881
114  12.807  -53.070  -3.832 0.6999999881
1665  13.235  -51.158  -4.218 0.3000000119
96  23.819  -54.364  6.463 0.3000000119
1342  22.946  -53.337  6.122 0.4000000060
97  25.052  -54.563  5.499 0.6000000238
25811  26.786  -56.052  4.522 0.6999999881
98  25.861  -54.706  4.124 0.6000000238
25780  27.166  -56.231  3.080 0.6999999881
25749  27.646  -57.710  2.224 0.6999999881
25748  26.945  -56.314  1.796 0.6999999881
105  21.321  -55.298  -1.662 0.5000000000
106  19.919  -55.351  -1.567 0.4000000060
107  18.337  -55.604  -1.612 0.5000000000
108  16.752  -55.598  -1.512 0.5000000000
1629  14.440  -52.499  -2.548 0.4000000060
1642  13.549  -51.862  -2.843 0.6999999881
1675  13.703  -51.300  -4.933 0.3000000119
1315  20.716  -52.488  6.319 0.2000000030
1369  24.034  -53.370  5.018 0.4000000060
99  26.221  -54.806  2.704 0.6000000238
100  26.204  -54.914  1.498 0.6999999881
103  23.742  -55.166  -1.172 0.6000000238
104  22.568  -55.254  -1.580 0.5000000000
1567  19.802  -53.859  -2.566 0.5000000000
1584  18.416  -53.946  -2.666 0.4000000060
1600  17.026  -53.797  -2.606 0.4000000060
1654  13.190  -51.357  -3.450 0.5000000000
1666  14.144  -49.731  -5.343 0.3000000119
1343  21.975  -52.344  5.582 0.2000000030
1344  20.965  -51.456  4.975 0.1000000015
1395  24.915  -53.517  3.660 0.4000000060
1370  22.999  -52.341  4.468 0.3000000119
1371  21.915  -51.345  3.970 0.2000000030
1420  25.272  -53.496  2.368 0.4000000060
101  25.602  -54.939  0.372 0.8000000119
102  24.745  -55.064  -0.558 0.6000000238
1530  22.368  -53.812  -2.335 0.4000000060
1549  21.175  -53.819  -2.523 0.5000000000
1585  18.650  -52.231  -3.707 0.6000000238
1601  17.332  -52.029  -3.713 0.5000000000
1568  19.944  -52.300  -3.566 0.5000000000
1616  16.140  -51.491  -3.643 0.4000000060
1630  14.971  -50.785  -3.697 0.4000000060
1643  14.233  -50.103  -4.037 0.5000000000
1655  13.958  -49.750  -4.629 0.4000000060
1656  14.827  -48.190  -5.658 0.4000000060
1667  15.116  -48.251  -6.377 0.2000000030
1396  23.796  -52.317  3.161 0.3000000119
1372  20.827  -50.446  3.366 0.1000000015
1397  22.698  -51.230  2.780 0.2000000030
1444  25.244  -53.511  1.167 0.6000000238
1489  24.181  -53.558  -1.153 0.5000000000
1510  23.395  -53.649  -1.976 0.4000000060
1531  22.240  -52.283  -3.093 0.5000000000
1550  21.160  -52.277  -3.407 0.6000000238
1586  18.984  -50.439  -4.682 0.5000000000
1602  17.749  -50.147  -4.713 0.5000000000
1617  16.461  -49.606  -4.638 0.3000000119
1644  14.951  -48.417  -5.075 0.3000000119
1676  14.760  -49.912  -6.073 0.2000000030
1668  16.066  -46.898  -7.306 0.2000000030
1398  21.583  -50.251  2.325 0.2000000030
1373  19.710  -49.540  2.767 0.1000000015
1421  24.231  -52.265  2.013 0.5000000000
1422  23.204  -51.040  1.615 0.3000000119
1399  20.432  -49.274  1.766 0.1000000015
1445  24.333  -52.079  0.696 0.4000000060
1467  24.773  -53.484  -0.174 0.4000000060
1551  21.234  -50.571  -4.187 0.4000000060
1569  20.183  -50.553  -4.515 0.4000000060
1631  15.438  -48.966  -4.681 0.3000000119
1603  18.295  -48.315  -5.665 0.3000000119
1618  17.106  -47.816  -5.626 0.3000000119
1657  15.729  -46.751  -6.691 0.2000000030
1423  22.164  -49.901  1.213 0.2000000030
1424  20.983  -48.835  0.739 0.1000000015
1446  23.477  -50.733  0.349 0.4000000060
1468  24.183  -51.999  -0.676 0.5000000000
1490  23.860  -51.985  -1.771 0.5000000000
1511  23.154  -52.196  -2.563 0.5000000000
1512  22.949  -50.583  -3.045 0.5000000000
1532  22.178  -50.566  -3.700 0.5000000000
1570  20.491  -48.492  -5.287 0.3000000119
1587  19.484  -48.483  -5.571 0.3000000119
1645  15.734  -46.860  -6.089 0.3000000119
1447  22.588  -49.486  0.028 0.3000000119
1469  23.607  -50.505  -1.007 0.4000000060
1448  21.463  -48.344  -0.354 0.2000000030
1491  23.453  -50.426  -2.145 0.4000000060
1533  22.047  -48.588  -4.236 0.4000000060
1552  21.333  -48.500  -4.850 0.3000000119
1632  16.199  -47.276  -5.738 0.3000000119
1646  16.686  -45.458  -6.973 0.1000000015
1633  17.057  -45.719  -6.634 0.1000000015
1470  22.885  -49.150  -1.229 0.2000000030
1513  22.601  -48.720  -3.416 0.3000000119
1471  21.813  -47.815  -1.437 0.2000000030
1492  22.899  -48.893  -2.429 0.4000000060
1493  21.886  -47.287  -2.538 0.3000000119
1514  21.724  -46.717  -3.569 0.3000000119
1534  21.541  -46.369  -4.420 0.3000000119
1515  20.392  -44.860  -3.608 0.2000000030
25178  5.363  -84.132  9.124 0.4000000060
24963  8.254  -76.033  -0.224 1.0000000000
23558  20.091  -97.697  13.590 0.6999999881
23502  25.664  -95.067  4.669 0.8999999762
25223  7.075  -81.906  10.012 0.2000000030
24629  15.384  -76.265  -7.774 0.6999999881
24295  12.833  -91.961  -7.136 0.8999999762
24325  10.946  -91.736  -7.446 0.6999999881
24233  14.540  -93.453  -9.203 0.8999999762
24128  23.883  -91.382  -8.732 0.6000000238
25293  7.267  -64.303  5.445 0.4000000060
25794  19.542  -65.376  10.394 0.8000000119
25791  22.138  -65.668  7.774 0.8000000119
25760  21.153  -66.295  7.734 0.8000000119
25823  21.528  -65.117  9.776 0.8000000119
25820  23.711  -64.700  7.922 0.8000000119
25851  22.868  -63.885  9.720 0.8000000119
25877  23.858  -61.939  8.751 0.6999999881
1677  15.735  -48.457  -7.033 0.2000000030
1619  17.876  -46.143  -6.506 0.3000000119
23980  27.577  -92.764  -14.279 0.5000000000
24167  15.928  -95.183  -10.984 0.5000000000
24133  16.168  -96.343  -11.497 0.3000000119
24265  13.174  -93.173  -8.424 0.4000000060
24296  11.575  -93.042  -7.784 0.2000000030
24062  17.481  -98.735  -11.327 0.2000000030
24098  16.891  -97.578  -11.622 0.1000000015
24097  17.484  -97.038  -12.554 0.5000000000
24061  18.158  -98.210  -12.650 0.3000000119
24326  9.859  -93.072  -7.907 0.3000000119
24297  10.513  -94.072  -7.796 0.3000000119
24327  8.992  -93.986  -7.383 0.2000000030
23454  26.272  -95.862  8.412 0.6999999881
23455  25.167  -96.079  9.828 0.6999999881
23403  26.562  -94.946  9.809 0.6000000238
24355  8.337  -93.097  -8.200 0.2000000030
24356  8.012  -93.337  -7.035 0.1000000015
24383  7.239  -92.742  -8.111 0.1000000015
23402  27.371  -94.542  8.278 0.6000000238
23453  26.783  -95.319  6.881 0.6999999881
23350  27.265  -93.662  9.586 0.4000000060
23550  25.093  -95.044  2.426 0.6999999881
23598  24.832  -95.970  1.316 0.8000000119
23549  25.912  -94.552  1.462 0.5000000000
24382  7.880  -91.852  -9.300 0.3000000119
23297  26.855  -92.613  10.618 0.4000000060
23351  26.367  -93.883  10.950 0.4000000060
23404  25.495  -94.920  10.914 0.6999999881
23452  26.646  -94.495  5.667 0.6000000238
23401  27.463  -93.719  6.906 0.5000000000
23451  26.491  -93.701  4.660 0.4000000060
23296  27.299  -92.263  9.325 0.4000000060
23349  27.557  -92.958  8.152 0.4000000060
23501  25.807  -94.352  3.662 0.5000000000
23500  26.024  -93.651  2.514 0.4000000060
23400  27.175  -92.760  5.844 0.4000000060
23348  27.307  -92.007  7.067 0.3000000119
23499  26.540  -92.921  1.586 0.4000000060
23548  26.934  -93.924  0.877 0.6000000238
24261  18.455  -88.596  -6.481 0.6999999881
24384  7.426  -92.689  -6.357 0.1000000015
24410  6.544  -92.204  -7.570 0.1000000015
24409  6.862  -91.605  -9.414 0.4000000060
23508  21.510  -96.708  12.356 0.6999999881
23457  23.069  -95.618  11.661 0.6999999881
23399  26.907  -91.789  4.969 0.4000000060
23450  26.461  -92.813  3.624 0.4000000060
23347  27.006  -90.987  6.196 0.3000000119
23449  26.440  -91.929  2.583 0.4000000060
23448  26.866  -91.124  1.907 0.4000000060
23498  27.293  -92.134  1.243 0.4000000060
24435  6.088  -91.341  -9.042 0.2000000030
25039  7.012  -91.475  14.236 0.8999999762
23346  26.888  -90.103  5.281 0.4000000060
23398  26.747  -91.024  3.998 0.4000000060
24291  18.619  -87.045  -7.257 0.6000000238
24351  14.421  -87.780  -8.810 0.8999999762
23170  6.050  -91.417  -6.651 0.1000000015
25137  6.384  -88.937  15.102 0.8999999762
24990  8.551  -92.236  14.360 0.8999999762
24991  9.620  -91.674  14.042 0.8999999762
25136  6.009  -88.754  14.257 0.8999999762
25040  7.991  -90.886  14.168 0.8999999762
25088  6.486  -90.160  13.990 0.8999999762
23397  26.850  -90.189  3.031 0.4000000060
23396  27.399  -89.426  2.195 0.4000000060
24260  20.111  -87.406  -6.310 0.5000000000
24379  13.084  -87.877  -9.933 0.8000000119
23171  5.406  -90.624  -8.085 0.1000000015
24459  6.039  -90.182  -10.246 0.3000000119
25138  6.988  -88.712  15.686 0.8000000119
25187  7.549  -87.315  17.662 0.8000000119
25139  7.943  -88.107  16.026 0.8000000119
25135  5.793  -88.522  13.251 0.8999999762
25089  7.331  -89.871  14.424 0.8999999762
25034  5.903  -89.901  7.993 0.4000000060
24321  17.373  -86.968  -8.280 0.6000000238
24350  16.345  -86.973  -9.210 0.6000000238
24760  5.652  -90.110  -5.489 0.1000000015
25041  9.029  -90.278  14.022 0.8000000119
25087  5.804  -90.108  13.085 0.8999999762
24290  20.250  -85.925  -7.156 0.5000000000
24349  18.040  -86.055  -9.454 0.4000000060
24377  17.224  -86.322  -10.507 0.4000000060
24378  15.293  -87.023  -10.280 0.6000000238
24404  16.410  -86.522  -11.540 0.6000000238
24405  14.216  -87.144  -11.299 0.6999999881
23172  5.501  -89.631  -9.237 0.2000000030
25140  8.885  -87.571  16.428 0.8000000119
24320  18.993  -85.933  -8.330 0.4000000060
24348  19.926  -84.795  -9.503 0.3000000119
24376  19.134  -84.997  -10.501 0.4000000060
24430  15.479  -86.417  -12.500 0.6000000238
24758  4.796  -88.245  -7.647 0.1000000015
24759  4.941  -89.232  -6.699 0.1000000015
24814  5.745  -88.571  -4.486 0.1000000015
25184  5.469  -87.760  15.626 0.8999999762
24403  18.496  -85.384  -11.432 0.6000000238
24429  17.677  -85.477  -12.478 0.6000000238
25183  5.868  -87.330  14.622 0.8999999762
25090  8.182  -89.205  14.545 0.8000000119
24375  20.840  -83.797  -10.237 0.3000000119
24813  4.862  -87.519  -5.254 0.1000000015
24812  4.558  -86.362  -6.016 0.1000000015
25091  9.163  -88.577  14.687 0.6999999881
24402  20.245  -83.851  -11.168 0.4000000060
24428  19.567  -83.961  -12.228 0.5000000000
24454  16.496  -85.072  -13.224 0.6000000238
24811  5.096  -85.153  -6.634 0.2000000030
25230  5.641  -86.205  16.298 0.8000000119
25229  6.503  -85.866  15.077 0.8999999762
24453  18.443  -83.585  -12.933 0.6000000238
25275  6.268  -84.618  17.224 0.8000000119
24865  4.477  -84.644  -4.834 0.1000000015
25231  5.125  -86.682  17.360 0.8000000119
25274  7.174  -84.075  15.916 0.8000000119
25276  5.364  -85.099  18.256 0.8000000119
25277  5.161  -85.532  19.351 0.8000000119
24864  4.713  -83.560  -5.578 0.2000000030
25320  5.838  -83.410  19.174 0.6999999881
25321  5.508  -84.031  20.116 0.6999999881
25319  6.571  -82.784  18.127 0.8000000119
25365  5.841  -82.778  21.765 0.6999999881
25364  5.440  -82.377  20.907 0.6999999881
25363  5.477  -81.704  19.894 0.6999999881
25407  5.007  -81.368  22.750 0.6999999881
25362  6.025  -80.985  18.898 0.6999999881
25406  4.701  -80.885  21.671 0.6999999881
24916  4.178  -81.734  -4.259 0.2000000030
25448  4.212  -79.979  23.573 0.6999999881
25405  4.921  -80.177  20.580 0.6999999881
25356  5.000  -77.427  12.143 0.3000000119
25449  4.746  -80.443  24.653 0.6999999881
25404  5.597  -79.504  19.685 0.6999999881
25489  4.066  -79.028  25.418 0.6999999881
25447  4.111  -79.375  22.350 0.6999999881
25488  3.836  -78.295  24.170 0.6999999881
25446  4.560  -78.621  21.232 0.6999999881
25487  3.975  -77.559  22.859 0.6999999881
25486  4.424  -76.770  21.683 0.6999999881
24966  4.509  -78.542  -2.449 0.4000000060
25524  4.586  -74.476  20.734 0.6000000238
25519  4.567  -70.405  13.910 0.2000000030
25159  4.776  -70.470  4.515 0.4000000060
25562  4.824  -73.159  20.649 0.6999999881
25557  5.812  -68.553  13.429 0.3000000119
25556  7.858  -68.553  12.737 0.2000000030
25795  19.002  -65.334  11.721 0.6000000238
25595  6.059  -67.454  14.027 0.6000000238
25825  20.621  -65.395  11.925 0.5000000000
25824  20.972  -65.251  10.843 0.6000000238
25796  18.886  -65.415  13.023 0.4000000060
25765  17.253  -65.111  13.199 0.6000000238
25733  15.220  -64.972  13.089 0.8000000119
25853  22.243  -64.599  11.528 0.5000000000
25852  22.529  -64.231  10.591 0.6000000238
25104  12.102  -64.073  -1.147 0.5000000000
25826  20.532  -65.684  12.945 0.4000000060
25788  25.518  -65.369  7.379 0.6000000238
25790  23.285  -65.925  7.721 0.6999999881
25849  23.969  -63.362  8.250 0.6999999881
25819  24.652  -64.422  7.700 0.6999999881
25817  26.673  -63.103  7.152 0.8000000119
25848  24.825  -63.070  7.822 0.8000000119
25876  24.382  -61.452  8.118 0.8000000119
25846  26.198  -61.362  7.349 0.8000000119
25847  25.616  -62.357  7.555 0.8000000119
25874  25.255  -59.776  7.523 0.6999999881
25845  26.750  -60.317  7.089 0.8999999762
25875  24.849  -60.686  7.768 0.8000000119
25816  27.385  -61.928  6.853 0.8999999762
25719  28.848  -61.410  2.808 0.6999999881
25151  11.690  -61.883  -1.572 0.6000000238
25718  28.338  -60.024  2.184 0.6000000238
25288  9.830  -58.966  0.018 0.8999999762
25197  11.114  -59.412  -1.838 0.6999999881
25243  10.186  -59.242  -0.978 0.6999999881
25150  12.334  -59.620  -2.357 0.6000000238
25333  9.572  -60.139  1.765 0.6000000238
25717  27.705  -58.871  1.722 0.8000000119
25683  26.900  -59.049  0.947 0.8000000119
25681  25.447  -56.546  -0.066 0.5000000000
25647  24.927  -58.055  -0.049 0.5000000000
25332  10.209  -58.910  0.900 0.6999999881
25646  24.273  -56.628  -0.590 0.4000000060
25373  13.101  -56.334  -0.562 0.3000000119
25716  27.044  -57.735  1.249 0.6000000238
25682  26.144  -57.854  0.460 0.6999999881
25374  12.208  -57.954  0.397 0.4000000060
25331  11.159  -57.424  0.081 0.6999999881
109  15.289  -55.175  -1.477 0.5000000000
25715  26.370  -56.391  0.760 0.6999999881
110  13.921  -54.498  -1.427 0.4000000060
1615  15.671  -53.264  -2.494 0.5000000000
1449  19.936  -47.149  -0.815 0.1000000015
1472  20.186  -46.419  -1.815 0.1000000015
1553  21.246  -46.173  -5.211 0.1000000015
1571  20.704  -46.200  -5.824 0.2000000030
1588  19.944  -46.415  -6.218 0.2000000030
1494  20.310  -45.657  -2.733 0.1000000015
1604  18.955  -46.426  -6.425 0.2000000030
1535  20.488  -44.286  -4.468 0.1000000015
1554  20.490  -43.829  -5.244 0.1000000015
1589  19.996  -44.198  -6.583 0.1000000015
1605  19.323  -44.457  -6.980 0.1000000015
1647  17.671  -44.225  -7.674 0.1000000015
1516  18.608  -43.303  -3.821 0.1000000015
1572  20.349  -43.686  -5.953 0.1000000015
1634  17.929  -44.246  -7.365 0.1000000015
25854  22.224  -64.902  12.539 0.3000000119
25789  24.351  -65.759  7.635 0.5000000000
25818  25.767  -63.935  7.426 0.8000000119
25815  27.922  -60.761  6.447 0.8999999762
1425  19.562  -47.788  0.213 0.1000000015
1473  18.404  -44.956  -2.226 0.1000000015
1620  18.590  -44.388  -7.206 0.1000000015
1555  18.944  -42.107  -5.218 0.1000000015
24993  12.097  -90.632  13.841 0.6999999881
25097  12.658  -90.316  21.183 0.3000000119
25047  12.980  -90.800  18.890 0.2000000030
25048  13.493  -90.515  20.221 0.2000000030
24996  13.521  -91.061  17.103 0.4000000060
24891  14.690  -92.545  13.812 0.5000000000
24944  14.246  -91.592  15.596 0.5000000000
24943  13.923  -91.671  14.384 0.5000000000
24995  13.596  -90.353  15.861 0.5000000000
24994  13.217  -90.182  14.581 0.6000000238
23909  18.324  -100.433  -4.945 0.2000000030
23989  16.475  -100.301  -5.700 0.1000000015
25146  12.347  -89.169  23.170 0.2000000030
24997  13.797  -91.614  18.376 0.3000000119
24945  14.336  -92.056  16.631 0.5000000000
24892  15.074  -92.379  15.008 0.5000000000
23559  19.242  -97.210  14.897 0.6000000238
23908  19.259  -99.906  -6.987 0.1000000015
24027  16.519  -99.584  -6.753 0.1000000015
24065  16.766  -98.467  -5.333 0.1000000015
23949  17.606  -100.501  -6.538 0.1000000015
23988  17.180  -100.163  -7.777 0.1000000015
25096  12.286  -90.040  19.732 0.4000000060
24893  15.382  -92.686  16.048 0.5000000000
25042  10.142  -89.727  13.922 0.6999999881
24839  16.263  -93.368  14.617 0.5000000000
25043  11.257  -89.090  14.203 0.6999999881
23146  18.324  -96.061  15.144 0.6000000238
25044  12.261  -88.666  14.987 0.6999999881
24840  16.800  -93.487  15.886 0.5000000000
23948  18.773  -100.110  -8.366 0.1000000015
24026  17.068  -99.696  -8.909 0.1000000015
24025  18.010  -99.618  -10.674 0.1000000015
24024  18.799  -99.219  -12.119 0.2000000030
11846  11.508  -86.538  26.820 0.1000000015
11845  10.482  -86.695  28.315 0.1000000015
12361  11.019  -86.439  30.341 0.1000000015
25194  12.007  -87.897  24.795 0.2000000030
25240  10.861  -87.941  26.265 0.1000000015
25193  11.438  -89.091  24.329 0.2000000030
25098  13.137  -89.222  21.786 0.2000000030
25145  11.782  -89.823  22.132 0.2000000030
25046  12.890  -89.895  17.625 0.5000000000
23947  20.175  -100.152  -9.827 0.2000000030
23987  18.369  -100.100  -9.695 0.1000000015
23986  19.461  -99.956  -11.141 0.1000000015
12315  12.085  -86.137  28.818 0.1000000015
25147  12.822  -87.868  23.370 0.2000000030
24998  14.417  -90.993  19.267 0.3000000119
25045  12.868  -88.949  16.372 0.5000000000
23906  22.100  -99.833  -9.076 0.3000000119
23946  21.428  -99.924  -10.805 0.3000000119
23985  20.530  -99.513  -12.233 0.2000000030
12316  12.895  -86.714  30.205 0.1000000015
12362  11.770  -86.769  31.838 0.1000000015
25095  12.102  -88.948  18.532 0.5000000000
25144  11.424  -89.240  20.642 0.4000000060
24018  26.807  -91.494  -13.093 0.5000000000
12317  13.596  -87.273  31.436 0.1000000015
12406  10.074  -86.334  31.908 0.1000000015
11844  9.503  -86.735  29.802 0.1000000015
25192  10.661  -89.230  22.995 0.2000000030
25285  9.701  -87.772  27.497 0.2000000030
25094  11.828  -87.963  17.301 0.5000000000
25092  10.161  -88.022  15.174 0.6000000238
25239  10.148  -88.798  25.345 0.2000000030
25143  11.223  -88.265  19.428 0.5000000000
25284  8.942  -88.187  26.242 0.2000000030
25191  10.329  -88.468  21.579 0.4000000060
25093  11.087  -87.640  16.054 0.6000000238
25238  9.520  -88.462  23.840 0.2000000030
12363  12.600  -87.110  33.181 0.1000000015
12407  10.877  -86.457  33.570 0.1000000015
11843  8.571  -86.441  31.274 0.1000000015
25329  8.597  -87.345  28.712 0.2000000030
25142  10.710  -87.394  18.218 0.5000000000
12318  14.500  -87.307  32.829 0.1000000015
25190  10.085  -87.542  20.413 0.5000000000
24229  20.303  -89.274  -6.238 0.6999999881
25237  9.413  -87.498  22.537 0.4000000060
25141  9.830  -87.198  17.133 0.6000000238
25185  5.762  -88.072  16.586 0.6999999881
25186  6.641  -87.842  17.303 0.6999999881
25232  5.497  -87.020  18.395 0.6999999881
25233  6.433  -86.710  18.859 0.6999999881
25188  8.475  -86.852  18.208 0.6000000238
25234  7.441  -86.238  19.163 0.6000000238
25235  8.454  -86.091  20.022 0.6000000238
25280  7.831  -85.162  20.939 0.6999999881
25279  6.731  -85.359  20.186 0.6999999881
25278  5.744  -85.645  19.901 0.6999999881
25600  6.587  -73.160  21.023 0.6000000238
25636  8.197  -72.372  20.377 0.6000000238
25599  5.937  -71.935  20.008 0.6000000238
25561  4.302  -72.097  19.680 0.6000000238
25635  7.649  -70.997  19.198 0.6000000238
25598  5.336  -70.653  18.847 0.6000000238
25703  11.590  -68.471  16.982 0.6999999881
25736  14.052  -68.156  16.684 0.6000000238
25735  14.257  -66.827  15.751 0.6000000238
25734  14.565  -65.740  14.541 0.6000000238
25766  16.842  -65.790  14.534 0.5000000000
25583  23.809  -69.995  5.044 0.1000000015
25544  22.873  -68.977  3.307 0.1000000015
25656  24.486  -69.344  6.351 0.1000000015
25620  24.300  -69.739  5.736 0.1000000015
25582  24.409  -69.010  3.978 0.1000000015
25504  20.103  -67.453  2.349 0.1000000015
25543  22.673  -67.697  2.530 0.1000000015
25692  23.058  -69.013  7.741 0.1000000015
25726  22.818  -68.067  7.962 0.2000000030
25693  21.738  -68.811  8.535 0.3000000119
25727  21.383  -67.597  8.261 0.4000000060
25728  19.990  -67.005  8.108 0.4000000060
25657  23.141  -69.779  7.310 0.1000000015
25691  24.431  -68.791  6.950 0.1000000015
25619  25.220  -68.811  4.692 0.1000000015
25655  25.591  -68.549  5.481 0.1000000015
25618  25.740  -67.650  3.720 0.1000000015
25581  24.512  -67.811  2.997 0.1000000015
25580  24.351  -66.433  2.189 0.1000000015
25542  22.167  -66.385  1.871 0.1000000015
25723  26.529  -66.727  6.227 0.1000000015
25690  25.644  -68.163  6.205 0.1000000015
25725  24.173  -67.998  7.407 0.2000000030
25758  23.745  -67.053  7.691 0.2000000030
25759  22.454  -66.979  7.878 0.2000000030
25689  26.623  -67.146  5.492 0.1000000015
25654  26.375  -67.432  4.587 0.1000000015
25617  26.036  -66.322  2.742 0.1000000015
25756  26.177  -66.177  6.857 0.3000000119
25724  25.449  -67.522  6.853 0.2000000030
25688  27.390  -66.011  4.617 0.1000000015
25653  26.999  -66.124  3.543 0.1000000015
25616  25.948  -64.902  1.899 0.1000000015
25579  24.061  -65.073  1.515 0.1000000015
25755  27.178  -65.334  6.334 0.3000000119
25757  25.029  -66.705  7.311 0.4000000060
25722  27.412  -65.711  5.569 0.2000000030
25687  27.998  -64.552  3.490 0.3000000119
25652  27.301  -64.671  2.547 0.1000000015
25615  25.631  -63.534  1.238 0.2000000030
25614  25.152  -62.141  0.806 0.2000000030
25576  22.685  -61.074  0.372 0.2000000030
25787  26.593  -64.708  6.991 0.6000000238
25786  27.500  -63.705  6.565 0.6999999881
25721  28.215  -64.371  4.606 0.5000000000
25785  28.298  -62.407  6.028 0.6999999881
25686  28.307  -62.951  2.418 0.2000000030
25651  27.186  -63.268  1.702 0.2000000030
25685  27.989  -61.517  1.775 0.2000000030
25650  26.781  -61.850  1.141 0.2000000030
25613  24.659  -60.837  0.474 0.2000000030
25575  22.202  -59.731  0.139 0.2000000030
25720  28.847  -62.852  3.619 0.5000000000
25684  27.532  -60.144  1.331 0.5000000000
25649  26.317  -60.548  0.778 0.3000000119
25648  25.615  -59.308  0.411 0.2000000030
25612  24.056  -59.595  0.150 0.2000000030
25611  23.386  -58.237  -0.283 0.4000000060
25574  21.802  -58.236  -0.182 0.2000000030
25784  28.754  -61.144  5.367 0.6999999881
25752  29.081  -61.410  4.124 0.6999999881
25334  9.338  -61.096  2.963 0.4000000060
25376  10.955  -60.493  2.187 0.2000000030
25536  20.036  -58.174  0.007 0.1000000015
25610  22.900  -56.731  -0.850 0.4000000060
25417  13.511  -59.784  1.190 0.1000000015
25573  21.478  -56.700  -0.831 0.2000000030
25375  11.377  -59.307  1.305 0.2000000030
25497  18.134  -58.473  0.059 0.1000000015
25457  16.038  -58.740  0.158 0.1000000015
25535  19.921  -56.717  -0.711 0.2000000030
25496  18.107  -57.171  -0.707 0.1000000015
25416  13.902  -58.544  0.367 0.1000000015
25456  16.235  -57.337  -0.612 0.3000000119
25415  14.532  -57.024  -0.570 0.2000000030
24946  14.784  -92.262  17.755 0.4000000060
24023  19.649  -98.609  -13.125 0.3000000119
24028  16.273  -99.388  -4.327 0.1000000015
24063  16.926  -98.962  -9.592 0.1000000015
25545  22.746  -70.127  4.277 0.1000000015
25577  23.142  -62.398  0.663 0.2000000030
25754  28.026  -64.118  5.674 0.5000000000
25753  28.800  -62.677  4.913 0.6000000238
25335  9.262  -62.047  4.056 0.4000000060
23356  23.806  -93.912  17.915 0.4000000060
23355  24.283  -93.909  16.494 0.4000000060
23408  22.771  -94.678  16.442 0.5000000000
23407  23.154  -94.470  14.767 0.5000000000
23459  21.743  -95.392  14.885 0.5000000000
23458  22.213  -95.350  13.025 0.6000000238
23357  22.863  -93.448  18.763 0.3000000119
23409  21.962  -94.559  17.593 0.4000000060
23354  24.356  -93.714  14.805 0.4000000060
23406  23.600  -94.387  13.068 0.6000000238
23509  20.929  -96.557  14.062 0.5000000000
23405  24.489  -94.677  11.820 0.6000000238
23774  29.441  -93.520  -8.837 0.5000000000
23302  25.273  -92.793  17.670 0.2000000030
23303  24.548  -92.509  18.716 0.2000000030
23353  24.694  -93.523  13.149 0.4000000060
23510  20.114  -96.312  15.667 0.5000000000
23730  29.042  -93.039  -7.222 0.5000000000
23817  30.003  -93.858  -10.475 0.5000000000
23859  30.445  -93.882  -12.034 0.6000000238
25049  14.063  -89.359  20.376 0.1000000015
24999  15.040  -89.857  19.153 0.1000000015
24947  15.497  -91.485  18.353 0.3000000119
23304  23.525  -92.075  19.166 0.3000000119
24894  16.042  -92.545  17.114 0.3000000119
23142  21.655  -92.734  18.959 0.3000000119
23143  20.812  -93.900  18.308 0.4000000060
23144  19.913  -95.000  17.369 0.5000000000
24785  17.680  -94.649  15.285 0.5000000000
23460  20.944  -95.525  16.478 0.5000000000
23729  30.631  -92.041  -7.948 0.4000000060
25328  7.907  -87.292  27.323 0.2000000030
25283  8.589  -87.542  24.851 0.2000000030
25099  13.556  -88.005  21.719 0.1000000015
25000  15.616  -88.898  18.851 0.1000000015
24948  16.314  -90.481  18.253 0.2000000030
23141  22.318  -91.555  19.008 0.2000000030
24895  16.970  -91.876  17.832 0.3000000119
23301  25.466  -92.861  16.319 0.3000000119
24788  19.956  -92.819  18.683 0.3000000119
24843  19.096  -91.388  18.321 0.3000000119
24841  17.697  -93.234  17.298 0.3000000119
23300  25.517  -92.787  14.630 0.4000000060
24842  18.461  -92.364  18.182 0.3000000119
24787  19.120  -93.810  18.057 0.4000000060
23145  19.014  -95.624  16.351 0.5000000000
23352  25.437  -93.701  11.973 0.4000000060
23589  33.511  -89.505  -4.745 0.2000000030
23541  33.617  -89.584  -3.800 0.1000000015
23636  33.440  -89.199  -5.974 0.1000000015
23590  31.896  -89.963  -4.460 0.2000000030
23683  31.999  -90.500  -7.067 0.3000000119
23637  31.834  -90.123  -5.544 0.2000000030
23638  30.207  -91.118  -5.070 0.3000000119
23684  30.269  -91.566  -6.461 0.4000000060
23728  32.400  -90.666  -8.576 0.2000000030
23773  31.196  -92.308  -9.492 0.3000000119
23900  30.391  -93.422  -13.612 0.5000000000
23940  29.705  -92.391  -14.243 0.3000000119
24234  13.529  -94.422  -9.124 0.3000000119
25327  7.685  -86.525  26.005 0.2000000030
11848  13.403  -86.693  23.679 0.1000000015
11849  14.186  -86.970  21.849 0.1000000015
25050  14.452  -88.276  20.099 0.1000000015
11850  15.168  -87.461  20.236 0.1000000015
11851  16.364  -88.021  19.082 0.1000000015
24949  16.992  -89.419  18.268 0.2000000030
24789  20.740  -91.627  18.689 0.1000000015
24897  18.280  -89.941  18.196 0.2000000030
24896  17.662  -90.946  18.047 0.2000000030
24786  18.308  -94.476  16.758 0.5000000000
23491  35.135  -89.111  -2.999 0.1000000015
23540  35.095  -89.164  -4.091 0.1000000015
23588  34.887  -88.441  -5.141 0.1000000015
23591  30.451  -90.858  -3.860 0.4000000060
23816  31.818  -92.396  -11.163 0.4000000060
24055  26.320  -90.214  -11.590 0.2000000030
24201  14.772  -94.700  -10.071 0.3000000119
25371  7.018  -86.334  28.417 0.2000000030
25370  6.931  -85.373  27.118 0.3000000119
25282  8.654  -86.470  23.704 0.3000000119
25189  9.440  -86.902  19.164 0.4000000060
12121  15.489  -86.423  21.904 0.1000000015
12070  16.460  -86.965  20.456 0.1000000015
11852  17.665  -88.499  18.586 0.2000000030
24790  21.265  -90.520  18.567 0.1000000015
24844  19.754  -90.370  18.297 0.1000000015
23439  37.904  -87.869  -2.592 0.1000000015
23440  36.462  -88.317  -2.171 0.1000000015
23490  36.592  -88.596  -3.455 0.1000000015
23489  37.694  -87.404  -3.865 0.1000000015
23539  36.361  -87.929  -4.498 0.1000000015
23492  33.576  -89.210  -2.685 0.1000000015
23542  32.014  -89.829  -3.444 0.2000000030
23635  34.758  -87.817  -6.308 0.1000000015
23543  30.644  -90.465  -2.597 0.4000000060
23682  33.442  -89.105  -7.520 0.1000000015
23772  32.927  -90.835  -10.060 0.1000000015
24092  25.239  -90.841  -10.014 0.3000000119
23858  32.224  -92.309  -12.668 0.2000000030
24017  27.800  -89.630  -12.994 0.2000000030
23899  32.017  -91.610  -13.677 0.1000000015
23979  28.645  -91.060  -13.849 0.2000000030
25413  6.300  -85.051  29.644 0.3000000119
25372  7.635  -86.668  29.874 0.2000000030
25412  6.305  -84.178  28.301 0.3000000119
25326  7.929  -85.469  24.892 0.4000000060
25369  7.206  -84.405  26.085 0.4000000060
25281  8.502  -85.593  22.417 0.4000000060
25236  9.158  -86.542  21.315 0.4000000060
11853  18.836  -89.086  18.455 0.1000000015
23387  38.900  -86.889  -1.481 0.1000000015
23441  34.966  -88.344  -1.880 0.1000000015
23493  32.055  -89.433  -2.154 0.1000000015
23495  30.049  -90.357  -0.601 0.3000000119
23496  29.222  -90.875  0.216 0.3000000119
23494  30.880  -89.879  -1.351 0.3000000119
23727  34.073  -89.245  -9.088 0.1000000015
23815  33.728  -90.979  -11.461 0.1000000015
23939  31.056  -90.433  -13.901 0.1000000015
25454  5.812  -83.697  30.647 0.3000000119
25325  7.943  -84.560  23.576 0.5000000000
23587  36.090  -86.862  -5.461 0.1000000015
23445  29.600  -89.207  0.139 0.3000000119
23497  28.182  -91.506  0.778 0.3000000119
24091  25.882  -88.899  -10.318 0.3000000119
25414  6.783  -85.658  31.066 0.2000000030
25455  6.106  -84.492  32.255 0.3000000119
25494  5.476  -82.220  31.300 0.2000000030
25453  5.887  -82.861  29.319 0.3000000119
25411  6.622  -83.303  27.253 0.4000000060
25324  7.456  -84.100  22.200 0.6000000238
23345  26.956  -89.285  4.344 0.3000000119
23447  27.567  -90.428  1.350 0.3000000119
23446  28.517  -89.803  0.777 0.3000000119
25495  5.805  -83.111  32.788 0.1000000015
25368  7.329  -83.521  24.938 0.6000000238
25367  7.110  -82.985  23.591 0.5000000000
23395  28.129  -88.745  1.421 0.3000000119
25533  5.795  -80.894  31.537 0.2000000030
25493  5.400  -81.372  30.008 0.2000000030
11842  7.671  -85.859  32.630 0.1000000015
25452  6.066  -81.981  28.166 0.2000000030
25410  6.884  -82.402  26.011 0.4000000060
25323  6.499  -84.194  21.352 0.6000000238
25492  5.369  -80.677  28.801 0.2000000030
25451  6.038  -81.213  26.782 0.3000000119
25491  5.119  -80.120  27.453 0.3000000119
25409  6.530  -81.790  24.711 0.5000000000
25366  6.467  -82.904  22.597 0.6000000238
25322  5.813  -84.290  20.874 0.6000000238
25532  5.619  -80.016  30.400 0.2000000030
25570  6.780  -79.291  29.878 0.2000000030
25531  5.341  -79.411  29.228 0.2000000030
25450  5.430  -80.744  25.642 0.4000000060
25408  5.706  -81.619  23.644 0.6000000238
24499  17.376  -81.241  -12.586 0.5000000000
25530  5.027  -78.962  28.025 0.3000000119
25490  4.544  -79.595  26.534 0.3000000119
24498  18.937  -79.972  -11.842 0.5000000000
24497  19.829  -79.035  -10.450 0.4000000060
25529  4.697  -78.188  26.903 0.2000000030
25528  4.340  -77.347  25.705 0.3000000119
25527  4.219  -76.494  24.309 0.4000000060
25526  4.420  -75.757  22.977 0.6000000238
25355  6.674  -77.221  12.580 0.1000000015
25354  8.340  -77.252  13.589 0.1000000015
25397  6.720  -75.641  13.339 0.1000000015
25479  5.422  -72.131  13.625 0.1000000015
25705  11.935  -71.009  19.246 0.5000000000
25738  13.980  -70.574  18.761 0.3000000119
25770  15.960  -70.347  17.986 0.4000000060
25861  21.136  -70.014  17.687 0.1000000015
25832  19.313  -71.075  16.972 0.1000000015
25831  19.492  -70.075  16.241 0.1000000015
25801  17.599  -70.290  16.741 0.1000000015
25737  13.976  -69.434  17.699 0.4000000060
25769  16.096  -69.199  17.230 0.1000000015
25800  17.817  -69.245  16.097 0.1000000015
25768  16.326  -67.998  16.412 0.5000000000
25860  21.386  -69.207  16.826 0.1000000015
25830  19.725  -69.150  15.518 0.1000000015
25799  18.087  -68.128  15.495 0.2000000030
24904  13.597  -66.589  -4.882 0.3000000119
25829  19.979  -68.182  14.923 0.2000000030
25767  16.507  -66.798  15.586 0.5000000000
24903  15.486  -65.099  -4.595 0.3000000119
25828  20.272  -67.271  14.472 0.2000000030
25798  18.436  -67.120  14.953 0.3000000119
24905  11.707  -68.139  -5.155 0.4000000060
25797  18.708  -66.103  14.100 0.3000000119
24852  12.997  -67.350  -6.224 0.4000000060
24851  14.715  -65.472  -5.953 0.4000000060
25827  20.498  -66.369  13.796 0.3000000119
25857  22.180  -66.800  14.828 0.1000000015
25005  14.649  -64.074  -2.536 0.4000000060
25055  13.403  -64.154  -1.803 0.4000000060
25856  22.290  -65.989  14.229 0.1000000015
25855  22.270  -65.290  13.363 0.1000000015
25881  23.074  -63.231  12.528 0.2000000030
25148  13.191  -55.408  -3.743 0.4000000060
25100  14.477  -55.777  -4.257 0.4000000060
115  13.704  -53.419  -4.539 0.4000000060
11847  12.606  -86.468  25.321 0.1000000015
25312  6.774  -78.621  11.982 0.1000000015
25438  6.861  -73.836  13.792 0.1000000015
25695  18.633  -67.546  8.895 0.2000000030
25525  4.695  -75.051  21.816 0.6000000238
24127  24.999  -89.449  -8.837 0.3000000119
25859  21.706  -68.438  16.071 0.2000000030
25858  21.964  -67.598  15.423 0.2000000030
23242  27.071  -91.308  10.446 0.2000000030
23241  27.043  -90.702  9.393 0.2000000030
23246  26.731  -91.758  15.947 0.1000000015
23245  26.742  -91.896  14.405 0.1000000015
23244  26.692  -91.777  13.015 0.1000000015
23243  26.841  -91.578  11.721 0.1000000015
15001  27.422  -89.695  10.652 0.2000000030
23298  26.182  -92.622  11.813 0.3000000119
15002  27.086  -88.908  9.726 0.2000000030
23240  26.797  -89.846  8.458 0.2000000030
15003  26.805  -87.948  8.719 0.2000000030
23247  26.334  -91.499  17.308 0.2000000030
23299  25.773  -92.655  13.131 0.3000000119
24477  17.014  -83.125  -13.133 0.4000000060
24476  18.710  -81.626  -12.521 0.4000000060
23248  25.723  -91.217  18.206 0.2000000030
24475  19.994  -80.340  -11.387 0.4000000060
24452  19.986  -81.910  -12.238 0.4000000060
24474  20.835  -79.488  -9.746 0.3000000119
24496  20.722  -78.193  -8.993 0.3000000119
24427  20.916  -82.268  -11.409 0.4000000060
24538  20.938  -76.322  -9.266 0.3000000119
24517  21.251  -76.946  -8.281 0.3000000119
24558  20.584  -75.687  -10.049 0.3000000119
24537  22.073  -75.683  -7.820 0.3000000119
24557  21.861  -75.066  -8.791 0.3000000119
24576  21.386  -74.550  -9.343 0.2000000030
24680  17.227  -70.961  -6.663 0.3000000119
25602  7.204  -74.870  23.311 0.4000000060
25564  5.717  -74.755  22.676 0.4000000060
25637  8.563  -73.514  21.451 0.3000000119
25638  8.807  -74.352  22.476 0.4000000060
25601  7.084  -74.128  22.118 0.4000000060
25563  5.520  -74.051  21.513 0.5000000000
25672  10.256  -72.790  20.733 0.5000000000
24798  14.576  -66.252  -7.034 0.3000000119
25671  9.941  -71.660  19.706 0.5000000000
24797  16.056  -64.540  -6.961 0.3000000119
25555  9.965  -68.787  12.788 0.2000000030
24954  15.853  -63.778  -3.388 0.3000000119
25054  14.355  -62.163  -2.358 0.3000000119
25103  13.023  -62.020  -1.932 0.3000000119
25102  13.614  -59.899  -2.682 0.3000000119
1316  19.886  -51.631  5.798 0.1000000015
24593  21.864  -73.538  -8.223 0.2000000030
24775  10.060  -98.650  9.713 0.2000000030
24828  10.235  -95.956  9.528 0.2000000030
24933  8.021  -93.079  9.046 0.2000000030
24984  6.721  -91.719  8.402 0.2000000030
24881  9.421  -94.210  9.598 0.2000000030
24196  22.158  -89.708  -6.615 0.5000000000
24162  23.750  -89.761  -7.620 0.4000000060
24161  24.802  -87.872  -8.267 0.2000000030
24259  21.763  -86.207  -6.616 0.3000000119
24228  21.878  -87.801  -6.172 0.5000000000
24195  23.503  -87.971  -6.927 0.5000000000
24126  25.744  -87.558  -9.706 0.1000000015
24160  25.727  -86.162  -9.413 0.1000000015
25565  5.497  -75.390  24.008 0.4000000060
24227  23.294  -86.497  -6.952 0.4000000060
24194  24.489  -86.425  -7.978 0.1000000015
24125  27.053  -85.991  -10.736 0.1000000015
23978  30.092  -89.012  -13.708 0.1000000015
24124  28.678  -84.375  -11.567 0.1000000015
24289  22.072  -84.892  -7.696 0.3000000119
24193  25.698  -85.090  -9.446 0.1000000015
24090  27.062  -87.062  -11.109 0.1000000015
24054  27.293  -88.258  -11.900 0.1000000015
24159  27.039  -84.806  -10.623 0.1000000015
24089  28.825  -85.672  -11.943 0.1000000015
24226  24.497  -85.283  -8.532 0.2000000030
24016  29.373  -87.650  -13.166 0.1000000015
24053  29.032  -86.485  -12.439 0.1000000015
25706  12.015  -72.036  20.210 0.3000000119
25739  13.895  -71.586  19.666 0.2000000030
24967  3.994  -79.868  -2.299 0.1000000015
25067  4.622  -77.796  1.946 0.1000000015
25017  4.124  -78.184  -0.324 0.1000000015
25114  4.483  -74.960  3.485 0.1000000015
25113  4.577  -73.746  3.422 0.2000000030
25160  4.755  -71.894  4.864 0.1000000015
25206  5.103  -69.947  6.057 0.1000000015
25205  4.984  -68.585  5.685 0.1000000015
25250  6.000  -66.843  6.258 0.1000000015
25882  23.269  -63.626  13.477 0.1000000015
25294  7.217  -65.421  6.114 0.1000000015
25910  23.932  -62.424  15.426 0.1000000015
25909  23.613  -61.969  14.533 0.1000000015
25880  23.003  -62.901  11.561 0.1000000015
25337  8.910  -64.401  5.367 0.1000000015
25962  23.522  -59.181  18.058 0.1000000015
25961  23.093  -58.747  17.079 0.1000000015
25937  24.185  -61.071  17.261 0.1000000015
25936  23.805  -60.570  16.326 0.1000000015
25935  23.342  -60.184  15.325 0.1000000015
25908  23.244  -61.581  13.524 0.1000000015
25907  22.919  -61.344  12.464 0.1000000015
25906  22.789  -61.086  11.412 0.2000000030
25378  11.209  -62.378  3.747 0.1000000015
25336  9.037  -63.157  4.790 0.1000000015
25960  22.487  -58.452  16.079 0.1000000015
25934  22.812  -59.844  14.387 0.1000000015
25377  11.278  -61.357  3.112 0.1000000015
25101  14.035  -57.738  -3.558 0.3000000119
25694  20.247  -68.279  8.905 0.1000000015
25207  5.571  -71.276  6.036 0.1000000015
25338  8.891  -65.687  5.664 0.1000000015
25933  22.341  -59.740  13.240 0.1000000015
23955  12.062  -100.459  5.854 0.2000000030
24266  12.173  -94.067  -8.354 0.1000000015
11965  18.628  -87.941  19.056 0.1000000015
11912  19.241  -87.179  18.973 0.1000000015
25083  5.385  -87.914  8.044 0.2000000030
25131  5.115  -86.001  8.527 0.2000000030
25566  5.575  -76.148  25.318 0.2000000030
25604  7.330  -76.508  25.608 0.2000000030
25567  5.812  -77.080  26.512 0.2000000030
25639  8.767  -75.269  23.429 0.2000000030
25603  7.244  -75.579  24.491 0.2000000030
25673  10.462  -73.749  21.739 0.2000000030
25887  23.144  -66.875  17.427 0.1000000015
24745  14.493  -69.512  -7.117 0.2000000030
23185  15.933  -70.270  -6.819 0.2000000030
24690  17.757  -69.115  -7.488 0.2000000030
23187  17.335  -66.300  -8.189 0.2000000030
24699  18.429  -67.118  -7.987 0.2000000030
23186  16.444  -68.491  -7.861 0.2000000030
24689  19.186  -67.967  -7.095 0.2000000030
24744  15.250  -67.303  -7.767 0.2000000030
24698  19.939  -66.107  -7.250 0.2000000030
24707  19.376  -65.068  -8.081 0.2000000030
24706  21.000  -64.220  -7.298 0.2000000030
24714  20.426  -63.309  -8.062 0.2000000030
23188  18.360  -64.298  -8.286 0.2000000030
24713  22.121  -62.558  -7.277 0.2000000030
23189  19.513  -63.014  -8.142 0.2000000030
24743  16.433  -65.206  -7.753 0.2000000030
24720  21.382  -62.096  -7.760 0.2000000030
24742  17.747  -63.770  -7.712 0.2000000030
24796  17.414  -63.274  -6.954 0.2000000030
24719  23.058  -61.149  -7.100 0.2000000030
23190  20.581  -62.149  -7.713 0.2000000030
24741  18.928  -62.800  -7.588 0.2000000030
24850  16.369  -64.002  -5.829 0.2000000030
24795  18.552  -62.151  -6.855 0.2000000030
24849  17.647  -62.544  -5.770 0.2000000030
24902  16.959  -63.227  -4.509 0.2000000030
24848  18.251  -60.978  -6.231 0.2000000030
24901  17.686  -61.322  -4.982 0.2000000030
24953  16.794  -61.731  -3.833 0.2000000030
25004  15.599  -62.056  -2.980 0.2000000030
24900  18.080  -59.582  -5.915 0.2000000030
25003  16.345  -59.923  -3.655 0.2000000030
24952  17.461  -59.774  -4.636 0.2000000030
25053  14.964  -59.990  -3.066 0.2000000030
25052  15.454  -57.896  -3.962 0.2000000030
116  15.030  -53.823  -5.140 0.2000000030
1699  17.419  -52.751  -6.691 0.2000000030
1684  14.731  -51.759  -5.634 0.2000000030
1705  18.693  -53.231  -7.317 0.2000000030
1692  16.031  -52.231  -6.221 0.2000000030
1685  15.688  -50.276  -6.691 0.2000000030
1693  16.947  -50.787  -7.203 0.2000000030
1700  18.297  -51.369  -7.595 0.2000000030
1686  16.694  -48.926  -7.562 0.1000000015
1694  17.942  -49.530  -7.951 0.1000000015
1701  19.219  -50.072  -8.246 0.1000000015
1707  20.510  -50.381  -8.374 0.1000000015
1695  19.094  -48.281  -8.566 0.1000000015
1678  16.806  -47.281  -7.891 0.1000000015
1687  17.846  -47.786  -8.280 0.1000000015
1702  20.401  -48.695  -8.788 0.1000000015
1658  16.800  -45.478  -7.519 0.1000000015
1696  20.229  -46.934  -9.081 0.1000000015
1669  17.266  -45.680  -8.018 0.1000000015
1679  18.024  -46.060  -8.425 0.1000000015
24951  17.994  -58.048  -5.667 0.2000000030
1688  19.032  -46.495  -8.740 0.1000000015
23954  13.092  -100.456  3.843 0.1000000015
23994  12.552  -99.615  4.989 0.1000000015
23157  11.976  -98.440  6.113 0.1000000015
24032  13.402  -98.710  4.417 0.1000000015
23992  14.658  -99.912  1.026 0.1000000015
23993  13.568  -99.675  3.059 0.1000000015
24069  14.651  -97.492  3.991 0.1000000015
23951  16.014  -100.854  -2.103 0.1000000015
23952  15.358  -100.684  -0.088 0.1000000015
23156  11.304  -99.356  7.123 0.1000000015
24031  14.614  -98.764  2.535 0.1000000015
23991  15.394  -99.976  -1.035 0.1000000015
24030  15.481  -98.910  0.386 0.1000000015
23392  31.578  -87.269  -0.479 0.1000000015
24774  10.543  -97.931  8.570 0.1000000015
24773  11.411  -97.053  7.695 0.1000000015
23444  30.645  -88.843  -0.570 0.2000000030
24068  15.889  -97.656  2.051 0.1000000015
24029  16.020  -99.122  -1.810 0.1000000015
23391  33.091  -87.165  -0.863 0.1000000015
23295  27.201  -91.424  8.230 0.1000000015
23294  26.946  -90.407  7.220 0.1000000015
24827  11.111  -95.048  9.034 0.1000000015
23344  27.361  -88.457  3.324 0.2000000030
23338  34.330  -85.762  -0.757 0.1000000015
15166  29.900  -85.859  10.787 0.1000000015
23239  26.574  -88.707  7.534 0.1000000015
23293  26.679  -89.343  6.281 0.1000000015
23238  26.557  -87.546  6.382 0.1000000015
23292  26.754  -88.334  5.390 0.1000000015
23393  30.266  -87.553  0.049 0.2000000030
23343  27.991  -87.722  2.264 0.2000000030
24067  16.634  -97.727  -0.403 0.1000000015
15057  28.140  -88.289  10.925 0.1000000015
15112  29.026  -87.056  11.002 0.1000000015
15058  27.584  -87.368  10.043 0.1000000015
15113  28.515  -86.022  10.056 0.1000000015
15059  27.274  -86.406  8.966 0.1000000015
15219  30.975  -84.752  10.537 0.1000000015
23237  26.910  -86.519  5.289 0.2000000030
23291  27.149  -87.371  4.366 0.2000000030
23236  27.642  -85.597  4.218 0.2000000030
23290  27.816  -86.585  3.241 0.2000000030
23342  28.823  -87.049  1.364 0.2000000030
23443  31.908  -88.521  -1.156 0.1000000015
23283  37.036  -84.622  -0.112 0.1000000015
23337  35.931  -85.881  -0.765 0.1000000015
15004  26.599  -86.876  7.631 0.1000000015
15167  29.725  -84.742  9.810 0.1000000015
15114  28.386  -84.944  8.989 0.1000000015
24880  10.038  -93.424  8.993 0.1000000015
15005  26.899  -85.760  6.451 0.1000000015
15006  27.531  -84.743  5.281 0.1000000015
15060  27.287  -85.227  7.830 0.1000000015
24932  8.619  -92.355  8.354 0.1000000015
23390  34.733  -87.166  -1.087 0.1000000015
24318  22.610  -83.903  -8.845 0.1000000015
24319  20.853  -84.750  -8.318 0.1000000015
24258  23.404  -85.143  -7.807 0.1000000015
25033  6.622  -89.059  7.483 0.1000000015
24983  7.340  -90.872  7.800 0.1000000015
24346  23.174  -82.729  -9.288 0.1000000015
24347  21.693  -83.765  -9.454 0.1000000015
24288  23.645  -84.030  -8.839 0.1000000015
24257  24.694  -83.990  -9.296 0.1000000015
24373  23.445  -81.537  -8.573 0.1000000015
24374  22.239  -82.600  -9.626 0.1000000015
24317  24.164  -82.748  -9.180 0.1000000015
24287  25.283  -82.557  -9.380 0.1000000015
24400  22.420  -81.287  -8.935 0.2000000030
24425  22.597  -80.049  -8.192 0.2000000030
24399  23.679  -80.137  -7.788 0.2000000030
24401  21.451  -82.465  -10.294 0.2000000030
24345  24.655  -81.588  -8.581 0.1000000015
24372  25.031  -80.251  -7.777 0.1000000015
25082  6.318  -87.020  7.463 0.1000000015
24448  24.415  -77.870  -6.607 0.2000000030
24449  22.857  -78.965  -7.599 0.2000000030
24424  24.047  -78.987  -7.150 0.2000000030
24398  25.512  -78.932  -7.122 0.2000000030
24426  21.662  -80.990  -9.773 0.2000000030
24472  23.052  -77.774  -6.941 0.2000000030
24450  21.797  -79.847  -8.994 0.2000000030
24451  20.971  -80.693  -10.739 0.2000000030
24471  24.896  -76.789  -6.355 0.2000000030
24473  21.665  -78.709  -8.279 0.2000000030
24495  21.884  -77.406  -7.514 0.2000000030
24494  23.552  -76.616  -6.547 0.2000000030
24556  22.905  -74.447  -7.352 0.1000000015
24575  22.605  -73.821  -8.062 0.1000000015
24555  24.044  -73.646  -6.259 0.1000000015
24574  23.563  -73.091  -6.751 0.1000000015
24592  22.949  -72.802  -7.063 0.1000000015
24609  21.985  -72.847  -6.924 0.2000000030
25771  15.648  -71.517  18.542 0.1000000015
25802  17.405  -71.470  17.366 0.1000000015
23910  17.600  -100.942  -2.735 0.1000000015
23289  28.639  -85.933  2.214 0.2000000030
23249  24.875  -90.860  18.883 0.1000000015
23250  23.813  -90.618  19.034 0.1000000015
14992  23.698  -89.119  18.462 0.1000000015
25268  7.104  -80.337  11.083 0.1000000015
24493  25.496  -75.663  -6.246 0.1000000015
24515  24.239  -75.413  -6.275 0.1000000015
24514  26.101  -74.501  -6.171 0.1000000015
24516  22.573  -76.207  -7.060 0.1000000015
24470  26.796  -75.583  -6.628 0.1000000015
24447  26.303  -76.739  -6.633 0.1000000015
24423  25.934  -77.831  -6.795 0.1000000015
25310  9.950  -78.765  13.624 0.1000000015
25266  10.025  -80.044  12.649 0.1000000015
25222  8.643  -81.599  10.804 0.1000000015
24535  24.907  -74.182  -5.989 0.1000000015
24536  23.313  -75.020  -6.672 0.1000000015
25267  8.591  -79.990  11.955 0.1000000015
25590  14.922  -69.118  12.201 0.1000000015
25589  16.627  -69.996  11.753 0.1000000015
25553  13.774  -70.042  13.278 0.1000000015
25515  12.664  -71.112  14.129 0.1000000015
25516  10.689  -70.574  14.081 0.1000000015
25591  13.209  -68.411  12.206 0.1000000015
25626  16.154  -68.578  11.028 0.1000000015
25554  11.967  -69.313  13.198 0.1000000015
25661  17.314  -68.079  9.998 0.1000000015
25517  8.519  -70.188  13.669 0.1000000015
25478  7.398  -72.084  14.010 0.1000000015
25518  6.335  -70.262  13.531 0.1000000015
25592  11.413  -67.738  11.723 0.1000000015
23140  22.621  -90.284  18.796 0.1000000015
23394  29.062  -88.033  0.728 0.1000000015
23341  30.036  -86.498  0.621 0.1000000015
23340  31.315  -86.151  -0.007 0.1000000015
23288  29.739  -85.402  1.325 0.1000000015
23235  28.473  -84.914  3.215 0.1000000015
15007  28.373  -83.835  4.258 0.1000000015
25568  6.091  -77.937  27.658 0.1000000015
25605  7.606  -77.407  26.637 0.1000000015
25641  9.054  -77.264  25.465 0.1000000015
25642  9.359  -78.045  26.507 0.1000000015
25676  10.491  -77.179  24.189 0.1000000015
25640  8.794  -76.291  24.423 0.1000000015
25675  10.335  -76.070  23.146 0.1000000015
25674  10.432  -74.795  22.431 0.1000000015
24652  22.066  -70.392  -4.332 0.1000000015
24638  22.831  -70.992  -4.408 0.1000000015
25708  11.993  -74.343  21.591 0.1000000015
24665  21.438  -69.337  -4.744 0.1000000015
24664  22.754  -68.342  -4.024 0.1000000015
24666  20.269  -70.136  -5.413 0.1000000015
24651  23.493  -69.240  -3.672 0.1000000015
24679  18.648  -69.916  -6.648 0.1000000015
24678  19.728  -68.977  -6.048 0.1000000015
24663  24.397  -67.180  -3.627 0.1000000015
24650  25.143  -68.012  -3.495 0.1000000015
24637  24.309  -69.797  -3.756 0.1000000015
24623  23.519  -71.178  -4.647 0.1000000015
24677  20.952  -68.079  -5.433 0.1000000015
24675  23.766  -66.189  -4.109 0.1000000015
24676  22.252  -67.194  -4.747 0.1000000015
24674  25.591  -65.180  -3.906 0.1000000015
24688  20.427  -67.023  -6.281 0.1000000015
24686  23.316  -65.241  -4.787 0.1000000015
24662  26.212  -65.983  -3.689 0.1000000015
24687  21.836  -66.098  -5.513 0.1000000015
24685  24.997  -64.356  -4.421 0.1000000015
24673  27.496  -64.014  -4.076 0.1000000015
24696  22.930  -64.348  -5.604 0.1000000015
24697  21.381  -65.151  -6.350 0.1000000015
24695  24.532  -63.465  -5.020 0.1000000015
24684  26.874  -63.312  -4.270 0.1000000015
24705  22.562  -63.454  -6.460 0.1000000015
24704  24.155  -62.585  -5.741 0.1000000015
24683  28.689  -62.070  -4.416 0.1000000015
24694  26.212  -62.533  -4.594 0.1000000015
24712  23.689  -61.769  -6.537 0.1000000015
24693  28.013  -61.429  -4.469 0.1000000015
24703  25.731  -61.699  -5.121 0.1000000015
24702  27.456  -60.654  -4.721 0.1000000015
24711  25.287  -60.831  -5.813 0.1000000015
24710  26.929  -59.880  -5.149 0.1000000015
24725  22.304  -61.016  -7.313 0.1000000015
24701  29.223  -59.477  -4.645 0.1000000015
24718  24.690  -60.235  -6.422 0.1000000015
24724  24.034  -59.872  -6.768 0.1000000015
24740  20.003  -61.822  -7.236 0.1000000015
23191  21.579  -61.116  -7.110 0.1000000015
24729  23.323  -59.788  -6.789 0.1000000015
24794  19.445  -60.831  -7.058 0.1000000015
25884  23.612  -64.780  15.189 0.1000000015
24793  20.470  -59.242  -7.287 0.1000000015
25911  24.190  -62.998  16.346 0.1000000015
25883  23.483  -64.100  14.397 0.1000000015
24847  18.952  -59.443  -6.957 0.1000000015
25002  16.930  -58.017  -4.594 0.1000000015
25537  20.278  -59.692  0.397 0.1000000015
24846  19.969  -57.881  -7.442 0.1000000015
24899  18.731  -58.019  -6.790 0.1000000015
24845  20.789  -56.267  -7.611 0.1000000015
24898  19.448  -56.440  -7.442 0.1000000015
24950  18.439  -56.470  -6.580 0.1000000015
25001  17.411  -56.328  -5.511 0.1000000015
25051  15.950  -56.007  -4.790 0.1000000015
118  17.780  -54.677  -6.381 0.1000000015
117  16.431  -54.282  -5.664 0.1000000015
25569  6.514  -78.629  28.725 0.1000000015
119  18.909  -54.955  -7.244 0.1000000015
24692  29.816  -60.185  -4.756 0.1000000015
