#!ascii label  , from subject fsaverage vox2ras=TkReg
76
818  -54.373  -60.100  -1.526 0.0000000000
2427  -25.871  20.860  -10.716 0.0000000000
2611  -23.615  -62.363  8.267 0.0000000000
2686  -41.525  -66.312  25.094 0.0000000000
3663  -14.043  45.170  -3.092 0.0000000000
9594  -22.880  -63.613  8.636 0.0000000000
9852  -28.923  11.402  -14.545 0.0000000000
14384  -7.176  16.098  -17.691 0.0000000000
23569  -19.548  -71.632  37.930 0.0000000000
23669  -16.632  -60.602  -0.473 0.0000000000
24227  -11.784  -54.385  27.312 0.0000000000
29374  -41.502  -72.225  32.360 0.0000000000
29693  -33.476  -16.174  41.566 0.0000000000
40477  -23.229  -63.023  8.438 0.0000000000
45812  -27.486  26.174  4.297 0.0000000000
52754  -25.806  20.107  -10.123 0.0000000000
53911  -24.202  -62.678  8.114 0.0000000000
54139  -41.929  -66.469  24.755 0.0000000000
54141  -41.540  -66.027  24.554 0.0000000000
54804  -18.484  -60.374  -0.634 0.0000000000
54805  -17.769  -60.187  -0.676 0.0000000000
55738  -11.958  -53.805  27.748 0.0000000000
57068  -13.878  45.723  -3.525 0.0000000000
57070  -13.890  45.076  -3.778 0.0000000000
58983  -9.153  12.744  -15.644 0.0000000000
79886  -14.296  -50.385  3.465 0.0000000000
88176  -10.215  -39.680  42.825 0.0000000000
90946  -22.583  -62.977  8.671 0.0000000000
90947  -22.717  -62.682  8.551 0.0000000000
90948  -23.028  -63.330  8.523 0.0000000000
92055  -22.259  -32.486  -18.679 0.0000000000
92057  -21.640  -31.616  -18.737 0.0000000000
94146  -13.940  44.539  -3.321 0.0000000000
95295  -8.891  12.404  -15.704 0.0000000000
97774  -29.802  -59.090  -12.898 0.0000000000
102083  -26.108  -58.363  -8.075 0.0000000000
107889  -15.533  -54.057  -3.304 0.0000000000
109913  -11.498  36.373  24.874 0.0000000000
116436  -19.844  -72.183  37.958 0.0000000000
116664  -17.043  -59.963  -0.705 0.0000000000
117519  -27.493  26.938  4.490 0.0000000000
117970  -11.840  -53.623  27.396 0.0000000000
117971  -11.674  -54.205  26.954 0.0000000000
127302  -32.460  -3.062  -19.263 0.0000000000
129801  -13.828  46.328  -3.280 0.0000000000
129802  -14.066  45.767  -2.861 0.0000000000
129805  -14.103  45.226  -2.459 0.0000000000
130198  -40.857  -72.297  32.742 0.0000000000
130199  -41.391  -72.724  32.488 0.0000000000
130686  -53.104  -59.353  -5.520 0.0000000000
131059  -33.254  -16.629  40.959 0.0000000000
131061  -33.736  -16.065  41.056 0.0000000000
131062  -33.502  -16.552  40.454 0.0000000000
135594  -31.673  -74.802  30.697 0.0000000000
135595  -31.578  -74.278  30.195 0.0000000000
135596  -31.730  -75.172  29.746 0.0000000000
137432  -26.739  -58.191  -7.785 0.0000000000
148127  -6.778  16.657  -17.643 0.0000000000
153265  -11.894  36.048  24.536 0.0000000000
155017  -27.584  27.669  4.552 0.0000000000
156776  -53.953  -60.328  -1.018 0.0000000000
156800  -41.142  -65.842  24.954 0.0000000000
157712  -31.471  -73.720  29.706 0.0000000000
158013  -22.338  -62.985  8.830 0.0000000000
158015  -22.021  -62.987  9.030 0.0000000000
158016  -22.594  -63.597  8.695 0.0000000000
160242  -25.815  19.506  -10.172 0.0000000000
161955  -53.727  -58.920  -8.906 0.0000000000
161976  -49.630  -58.720  -9.334 0.0000000000
162143  -42.634  -61.874  -19.429 0.0000000000
162386  -22.907  -62.370  8.466 0.0000000000
162387  -23.437  -62.702  8.308 0.0000000000
162389  -23.758  -63.378  8.298 0.0000000000
162390  -24.035  -63.043  8.209 0.0000000000
163721  -21.878  -31.001  -19.460 0.0000000000
163722  -21.788  -31.277  -19.122 0.0000000000
