#!ascii label  , from subject fsaverage vox2ras=TkReg
67
25  27.717  20.883  -8.495 0.0000000000
3852  29.507  12.204  -15.076 0.0000000000
5533  24.303  -30.642  -19.092 0.0000000000
12582  15.469  42.494  2.005 0.0000000000
17422  21.345  -11.539  -29.636 0.0000000000
21499  49.035  -62.250  29.282 0.0000000000
26085  33.387  -69.314  35.467 0.0000000000
28393  25.077  -31.753  -18.122 0.0000000000
29978  8.055  -56.550  30.862 0.0000000000
35873  20.813  -60.771  0.506 0.0000000000
35874  18.814  -60.763  0.829 0.0000000000
35881  18.147  -53.597  -2.940 0.0000000000
36359  13.142  -43.234  43.714 0.0000000000
38737  26.355  -62.683  7.291 0.0000000000
41587  40.883  -66.172  37.542 0.0000000000
43300  15.490  43.682  2.298 0.0000000000
43301  15.563  43.034  2.460 0.0000000000
43302  15.464  43.162  1.847 0.0000000000
57636  28.525  13.027  -15.027 0.0000000000
57637  29.172  12.254  -15.257 0.0000000000
58835  33.438  -69.709  36.087 0.0000000000
58836  33.336  -69.097  36.107 0.0000000000
60690  29.845  24.918  6.639 0.0000000000
60741  15.099  33.932  21.530 0.0000000000
60742  15.065  34.196  20.939 0.0000000000
62678  23.670  -30.650  -18.702 0.0000000000
62680  24.653  -31.184  -18.667 0.0000000000
65883  8.226  -56.404  31.265 0.0000000000
69604  32.466  -3.299  -17.595 0.0000000000
75723  39.947  -60.645  -14.911 0.0000000000
79475  21.407  -60.197  0.324 0.0000000000
79476  20.452  -60.190  0.453 0.0000000000
79477  19.828  -60.804  0.657 0.0000000000
86598  26.906  -62.031  7.150 0.0000000000
86599  26.363  -62.018  7.321 0.0000000000
86674  17.857  -48.738  2.635 0.0000000000
86675  17.741  -48.456  2.257 0.0000000000
86878  33.160  -68.222  35.130 0.0000000000
90127  25.741  -34.901  -14.599 0.0000000000
90815  29.392  -58.113  -12.289 0.0000000000
91285  52.441  -53.417  -5.731 0.0000000000
96375  15.527  42.402  2.633 0.0000000000
111865  27.355  -61.952  6.872 0.0000000000
112425  48.846  -62.712  29.290 0.0000000000
112426  48.969  -62.471  28.823 0.0000000000
118385  54.041  -53.897  -2.864 0.0000000000
125497  7.977  14.892  -18.314 0.0000000000
126239  20.685  -62.437  41.278 0.0000000000
128227  54.510  -59.122  -7.467 0.0000000000
131837  7.409  -56.865  31.087 0.0000000000
134908  5.983  19.547  -18.768 0.0000000000
136549  32.198  -3.111  -16.902 0.0000000000
136903  24.422  -28.399  -20.760 0.0000000000
143893  54.961  -58.719  2.125 0.0000000000
144069  39.900  -61.541  -14.779 0.0000000000
147374  40.915  -65.630  37.851 0.0000000000
147375  40.790  -66.250  38.231 0.0000000000
148027  27.843  20.536  -8.071 0.0000000000
148616  17.770  -60.732  1.021 0.0000000000
148630  17.440  -53.554  -2.854 0.0000000000
150047  12.838  -42.952  43.425 0.0000000000
150055  13.603  -42.950  43.313 0.0000000000
151730  33.111  -19.151  40.046 0.0000000000
154234  29.752  24.083  6.600 0.0000000000
157169  25.836  -62.574  7.472 0.0000000000
157502  33.246  -68.665  35.597 0.0000000000
158293  48.862  -62.516  29.773 0.0000000000
