#!ascii label  , from subject 164k_fs_LR vox2ras=TkReg
86
185  -22.498  -62.773  8.670 0.0000000000
186  -22.941  -63.296  8.558 0.0000000000
5154  -22.624  -62.552  8.574 0.0000000000
5155  -22.769  -62.298  8.507 0.0000000000
5234  -23.106  -63.079  8.478 0.0000000000
5235  -23.271  -62.832  8.393 0.0000000000
5236  -23.411  -62.558  8.313 0.0000000000
5237  -23.508  -62.264  8.276 0.0000000000
5314  -23.783  -63.416  8.290 0.0000000000
5315  -23.998  -63.143  8.220 0.0000000000
5316  -24.136  -62.834  8.152 0.0000000000
5317  -24.218  -62.483  8.076 0.0000000000
6926  -18.912  -60.063  -0.700 0.0000000000
6980  -18.271  -59.989  -0.732 0.0000000000
7033  -17.602  -59.885  -0.750 0.0000000000
7084  -16.476  -60.443  -0.497 0.0000000000
7085  -16.940  -59.740  -0.753 0.0000000000
7382  -15.569  -53.786  -3.422 0.0000000000
18944  -9.727  -39.867  43.044 0.0000000000
19053  -10.610  -39.633  42.680 0.0000000000
40927  -33.164  -16.653  41.228 0.0000000000
40957  -33.448  -16.176  41.748 0.0000000000
40958  -33.532  -16.351  40.890 0.0000000000
51033  -29.015  11.424  -14.475 0.0000000000
51948  -25.806  19.799  -10.212 0.0000000000
52059  -25.858  20.790  -10.463 0.0000000000
59923  -19.696  -71.867  37.915 0.0000000000
60036  -19.887  -72.503  38.069 0.0000000000
66347  -11.802  -54.370  27.372 0.0000000000
66348  -11.971  -53.919  27.789 0.0000000000
66359  -11.708  -54.137  27.050 0.0000000000
66360  -11.870  -53.666  27.487 0.0000000000
70307  -31.678  -74.830  30.937 0.0000000000
70397  -31.684  -74.899  29.967 0.0000000000
70398  -31.604  -74.405  30.779 0.0000000000
70487  -31.598  -74.393  29.794 0.0000000000
70488  -31.518  -73.957  30.572 0.0000000000
70576  -31.453  -73.636  29.628 0.0000000000
79865  -41.973  -66.380  24.508 0.0000000000
79940  -41.639  -66.200  24.714 0.0000000000
79941  -41.416  -65.837  24.397 0.0000000000
80013  -41.560  -66.442  25.238 0.0000000000
80014  -41.346  -66.025  24.906 0.0000000000
80087  -41.055  -65.866  25.096 0.0000000000
80140  -41.400  -72.698  32.479 0.0000000000
80141  -41.755  -72.368  32.230 0.0000000000
80211  -41.110  -72.430  32.612 0.0000000000
80212  -41.491  -72.113  32.352 0.0000000000
80281  -40.825  -72.158  32.738 0.0000000000
104186  -9.037  12.252  -15.638 0.0000000000
104263  -8.797  12.529  -15.763 0.0000000000
107474  -29.586  -58.830  -13.061 0.0000000000
108563  -32.324  -3.092  -18.852 0.0000000000
108564  -32.523  -3.042  -19.614 0.0000000000
115994  -54.182  -60.241  -1.022 0.0000000000
116117  -54.460  -60.068  -1.490 0.0000000000
116118  -53.902  -60.339  -1.241 0.0000000000
116240  -54.151  -60.153  -1.714 0.0000000000
118065  -53.116  -59.139  -5.457 0.0000000000
118171  -53.089  -59.518  -5.556 0.0000000000
119542  -53.705  -58.959  -8.885 0.0000000000
120873  -49.469  -58.836  -9.101 0.0000000000
120947  -49.717  -58.615  -9.511 0.0000000000
122773  -42.304  -61.823  -19.407 0.0000000000
123696  -26.670  -58.346  -7.817 0.0000000000
123701  -26.074  -58.016  -8.048 0.0000000000
130583  -22.744  -63.416  8.675 0.0000000000
130584  -22.494  -63.453  8.752 0.0000000000
130630  -22.310  -62.870  8.817 0.0000000000
130631  -22.051  -62.918  9.000 0.0000000000
133907  -22.238  -31.105  -19.623 0.0000000000
134015  -21.673  -30.971  -19.212 0.0000000000
134016  -21.819  -31.603  -18.911 0.0000000000
134017  -21.975  -32.213  -18.634 0.0000000000
140534  -13.726  46.487  -3.397 0.0000000000
140535  -13.845  45.976  -3.457 0.0000000000
140536  -13.912  45.463  -3.507 0.0000000000
140537  -13.926  44.941  -3.551 0.0000000000
140538  -13.884  44.434  -3.560 0.0000000000
140656  -14.064  45.702  -2.876 0.0000000000
140657  -14.059  45.204  -2.922 0.0000000000
140776  -14.132  45.439  -2.319 0.0000000000
140777  -14.062  44.950  -2.362 0.0000000000
145814  -11.512  36.593  24.637 0.0000000000
145815  -11.830  36.138  24.557 0.0000000000
145878  -11.511  36.082  25.130 0.0000000000
