#No.  Label Name: R G B A

0 None 0 0 0 255
1 ROI-1 70  130 180 100
2 ROI-2 245 245 245 100
3 ROI-3 205 62  78  100
4 ROI-4 120 18  134 100
5 ROI-5 196 58  250 100
6 ROI-6 0 148 0 100
7 ROI-7 220 248 164 100
8 ROI-8 230 148 34  100
9 ROI-9 0 118 14  100
10  ROI-10  0 118 14  100
11  ROI-11  122 186 220 100
12  ROI-12  236 13  176 100
13  ROI-13  12  48  255 100
14  ROI-14  204 182 142 100
15  ROI-15  42  204 164 100
16  ROI-16  119 159 176 100
17  ROI-17  220 216 20  100
18  ROI-18  103 255 255 100
19  ROI-19  80  196 98  100
20  ROI-20  60  58  210 100
21  ROI-21  60  58  210 100
22  ROI-22  60  58  210 100
23  ROI-23  60  58  210 100
24  ROI-24  60  60  60  100
25  ROI-25  255 165 0 100
26  ROI-26  255 165 0 100
27  ROI-27  0 255 127 100
28  ROI-28  165 42  42  100
29  ROI-29  135 206 235 100
30  ROI-30  160 32  240 100
31  ROI-31  0 200 200 100
32  ROI-32  100 50  100 100
33  ROI-33  135 50  74  100
34  ROI-34  122 135 50  100
35  ROI-35  51  50  135 100
36  ROI-36  74  155 60  100
37  ROI-37  120 62  43  100
38  ROI-38  74  155 60  100
39  ROI-39  122 135 50  100
40  ROI-40  70  130 180 100
41  ROI-41  0 225 0 100
42  ROI-42  205 62  78  100
43  ROI-43  120 18  134 100
44  ROI-44  196 58  250 100
45  ROI-45  0 148 0 100
46  ROI-46  220 248 164 100
47  ROI-47  230 148 34  100
48  ROI-48  0 118 14  100
49  ROI-49  0 118 14  100
50  ROI-50  122 186 220 100
