#!ascii label  , from subject 164k_fs_LR vox2ras=TkReg
68
5494  18.217  -48.909  2.698 0.0000000000
5495  17.442  -48.507  2.490 0.0000000000
6631  21.591  -60.319  0.324 0.0000000000
6689  20.765  -60.995  0.556 0.0000000000
6690  20.662  -60.383  0.458 0.0000000000
6747  19.805  -61.086  0.718 0.0000000000
6805  18.800  -60.517  0.766 0.0000000000
6861  17.830  -60.547  0.946 0.0000000000
6927  18.342  -53.351  -3.077 0.0000000000
6981  17.781  -53.327  -3.038 0.0000000000
19166  12.588  -42.845  43.347 0.0000000000
19167  12.990  -43.067  43.539 0.0000000000
19168  13.401  -43.307  43.737 0.0000000000
19274  13.866  -42.957  43.290 0.0000000000
40801  33.117  -19.020  39.913 0.0000000000
51032  29.303  12.547  -14.893 0.0000000000
51033  29.271  12.075  -15.324 0.0000000000
51152  28.594  13.073  -14.910 0.0000000000
52057  27.770  20.973  -8.301 0.0000000000
52981  29.802  24.013  6.819 0.0000000000
53083  29.887  25.284  6.527 0.0000000000
66008  7.402  -56.870  31.266 0.0000000000
66037  7.988  -56.538  31.214 0.0000000000
66064  7.952  -56.612  30.833 0.0000000000
66492  40.821  -66.499  38.133 0.0000000000
66493  40.812  -66.079  38.260 0.0000000000
70577  33.487  -69.928  36.305 0.0000000000
70665  33.377  -69.320  35.940 0.0000000000
70752  33.230  -68.577  35.559 0.0000000000
74648  53.958  -53.984  -2.869 0.0000000000
76095  54.658  -58.909  2.234 0.0000000000
76096  55.319  -58.600  2.033 0.0000000000
80411  40.952  -66.282  37.372 0.0000000000
80561  48.793  -62.684  28.814 0.0000000000
80625  48.830  -62.715  29.339 0.0000000000
80626  49.003  -62.353  28.987 0.0000000000
80689  48.937  -62.404  29.548 0.0000000000
80690  49.014  -61.985  29.210 0.0000000000
105042  7.915  15.209  -18.523 0.0000000000
105699  5.922  19.856  -18.927 0.0000000000
116840  52.449  -53.317  -5.583 0.0000000000
116957  52.431  -53.804  -5.703 0.0000000000
118587  54.795  -58.748  -7.684 0.0000000000
122295  39.916  -61.347  -14.822 0.0000000000
123387  29.433  -58.002  -12.271 0.0000000000
130385  27.506  -62.145  6.753 0.0000000000
130436  27.117  -61.854  7.001 0.0000000000
130437  26.875  -62.332  7.140 0.0000000000
130438  26.580  -62.738  7.212 0.0000000000
130487  26.412  -61.961  7.304 0.0000000000
130488  26.137  -62.352  7.373 0.0000000000
130489  25.863  -62.706  7.457 0.0000000000
132092  32.523  -3.242  -17.603 0.0000000000
132214  32.099  -2.970  -16.650 0.0000000000
133463  24.731  -28.452  -20.885 0.0000000000
133581  25.626  -31.857  -17.966 0.0000000000
133689  24.013  -30.570  -18.973 0.0000000000
133690  24.268  -31.098  -18.601 0.0000000000
133691  24.562  -31.640  -18.147 0.0000000000
133698  26.071  -35.270  -14.256 0.0000000000
141700  15.424  43.160  1.661 0.0000000000
141810  15.492  43.539  2.240 0.0000000000
141811  15.523  42.950  2.241 0.0000000000
141812  15.463  42.375  2.251 0.0000000000
141922  15.486  42.199  2.824 0.0000000000
145344  15.048  34.261  20.636 0.0000000000
145414  15.084  34.357  21.249 0.0000000000
145484  15.053  33.704  21.594 0.0000000000
