#!ascii label  , from subject 32k_fs_LR vox2ras=TkReg
785
18681  -52.566  19.085  19.334 0.6000000238
18633  -53.617  19.191  18.506 0.6000000238
18584  -54.175  19.062  17.301 0.5000000000
18534  -54.107  19.106  15.623 0.5000000000
18533  -53.572  18.100  15.115 0.4000000060
18482  -52.433  18.340  13.699 0.4000000060
18430  -50.745  18.272  12.652 0.4000000060
18377  -49.083  17.952  11.724 0.2000000030
18323  -47.458  17.577  10.879 0.2000000030
18268  -46.042  17.200  9.958 0.2000000030
18728  -51.282  18.798  19.731 0.6000000238
18682  -51.585  20.201  18.525 0.6000000238
18483  -53.355  19.201  13.883 0.4000000060
18376  -48.276  16.449  10.708 0.2000000030
18322  -46.842  16.002  9.514 0.2000000030
18634  -52.926  20.333  18.217 0.6999999881
18585  -53.897  20.304  17.355 0.6999999881
18535  -54.318  20.143  15.980 0.6000000238
18431  -51.868  19.301  12.589 0.4000000060
18484  -54.040  19.996  14.021 0.5000000000
18432  -52.920  20.038  12.479 0.5000000000
18378  -50.070  19.215  11.700 0.4000000060
18324  -48.466  19.101  10.997 0.4000000060
18269  -46.816  18.805  10.445 0.4000000060
10112  -51.175  23.049  6.875 0.8000000119
18635  -52.040  21.532  17.668 0.6000000238
18586  -53.315  21.480  17.094 0.8000000119
18536  -54.079  21.289  15.982 0.6999999881
18537  -53.502  22.528  15.739 0.8999999762
18485  -54.276  21.010  14.271 0.8999999762
18433  -53.666  20.786  12.427 0.5000000000
18486  -54.056  22.142  14.284 0.8999999762
18379  -51.163  20.142  11.395 0.6000000238
18434  -54.017  21.755  12.506 0.8999999762
18325  -49.456  20.188  10.561 0.6000000238
18380  -52.203  20.832  10.999 0.6999999881
18435  -53.910  22.800  12.406 0.8999999762
18326  -50.499  20.900  9.998 0.6999999881
18381  -53.094  21.532  10.818 0.8000000119
18382  -53.623  22.387  10.695 0.8000000119
18270  -47.900  20.016  9.996 0.6000000238
10117  -46.307  19.620  9.525 0.3000000119
10116  -47.310  20.448  8.811 0.4000000060
10115  -48.226  21.060  8.133 0.6999999881
10114  -49.256  21.691  7.640 0.8000000119
18273  -50.970  21.838  8.227 0.8000000119
18274  -51.917  22.482  7.792 0.8000000119
10113  -50.284  22.315  7.227 0.8000000119
18587  -52.431  22.696  16.660 0.8000000119
18588  -51.460  23.698  16.035 0.8999999762
18538  -52.644  23.569  15.213 0.8999999762
18487  -53.519  23.249  14.037 0.8999999762
18436  -53.376  23.846  12.156 0.8999999762
18383  -53.614  23.337  10.490 0.8999999762
18327  -51.592  21.503  9.543 0.8000000119
18272  -49.857  21.363  8.688 0.8000000119
18589  -50.304  24.327  15.535 0.8000000119
18539  -51.541  24.380  14.644 0.8999999762
18488  -52.593  24.216  13.530 0.8999999762
18328  -52.514  22.097  9.200 0.8000000119
18329  -53.129  22.775  8.899 0.8000000119
18271  -48.867  20.756  9.326 0.6999999881
18330  -53.219  23.750  8.589 0.8000000119
10111  -51.838  24.001  6.515 0.8000000119
18437  -52.431  24.763  11.663 0.8999999762
18438  -51.300  25.472  11.051 1.0000000000
18439  -49.990  26.173  10.549 1.0000000000
18385  -52.382  25.329  9.731 1.0000000000
18384  -53.139  24.338  10.201 0.8999999762
18386  -51.373  26.225  9.477 1.0000000000
18331  -52.921  24.854  8.386 0.8999999762
18275  -52.542  23.233  7.402 0.8000000119
18276  -52.782  24.313  7.234 0.8000000119
18540  -50.255  24.829  13.871 0.8000000119
18489  -51.417  24.886  12.859 0.8999999762
18490  -50.027  25.366  12.154 1.0000000000
18440  -48.583  27.000  10.284 0.8999999762
18441  -47.123  28.054  10.202 0.8999999762
18388  -48.776  28.423  9.518 1.0000000000
18387  -50.105  27.247  9.368 1.0000000000
18332  -52.318  26.080  8.343 1.0000000000
18277  -52.655  25.672  7.186 0.8000000119
10110  -52.250  25.214  6.335 0.8000000119
11573  -51.873  26.267  5.724 0.8000000119
18491  -48.555  25.928  11.423 1.0000000000
18389  -47.232  29.562  9.831 0.8000000119
18334  -50.292  28.676  8.703 1.0000000000
18333  -51.445  27.372  8.420 1.0000000000
18335  -49.042  29.961  9.122 1.0000000000
18278  -52.317  27.135  7.427 1.0000000000
18280  -50.578  30.024  8.147 1.0000000000
18279  -51.565  28.575  7.726 1.0000000000
10109  -52.477  26.672  6.387 0.8999999762
18281  -49.287  31.159  8.464 1.0000000000
10107  -51.786  29.585  6.935 1.0000000000
10108  -52.326  28.239  6.706 0.8999999762
11591  -52.386  27.824  5.791 0.8999999762
11574  -51.673  27.424  5.166 0.8999999762
18282  -47.774  31.931  8.409 0.8999999762
10106  -50.849  30.812  7.259 1.0000000000
18336  -47.427  31.008  9.402 0.8999999762
11624  -51.794  30.362  6.021 1.0000000000
11608  -52.405  29.131  5.856 1.0000000000
11592  -52.219  28.622  4.921 1.0000000000
11575  -51.288  28.200  4.328 0.8999999762
10105  -49.627  31.785  7.398 0.8999999762
11639  -50.879  31.434  6.102 1.0000000000
11609  -52.178  29.765  4.894 1.0000000000
11557  -49.795  28.014  3.949 0.8000000119
11593  -51.805  29.113  3.923 1.0000000000
11576  -50.778  28.659  3.205 0.8999999762
11394  -44.458  19.926  8.442 0.5000000000
11420  -45.135  20.995  8.028 0.5000000000
11419  -45.787  20.164  8.508 0.5000000000
11369  -42.564  20.935  8.929 0.3000000119
11396  -43.333  22.085  8.454 0.3000000119
11395  -43.883  21.000  8.389 0.5000000000
11468  -47.632  21.765  7.539 0.6999999881
11343  -40.544  21.958  9.409 0.2000000030
11370  -41.929  22.035  8.926 0.2000000030
11421  -44.746  22.050  8.097 0.5000000000
11445  -46.137  21.967  7.747 0.6000000238
11344  -39.778  22.951  9.099 0.1000000015
11371  -41.223  23.058  8.590 0.3000000119
18683  -50.638  21.363  17.940 0.6000000238
11397  -42.640  23.129  8.172 0.3000000119
11422  -44.130  23.098  7.907 0.5000000000
11446  -45.612  22.975  7.673 0.6000000238
11469  -47.106  22.804  7.429 0.6000000238
11491  -48.626  22.487  7.218 0.6999999881
18864  -45.708  19.482  19.338 0.2000000030
18820  -47.283  19.506  19.086 0.2000000030
18776  -47.699  20.833  18.450 0.3000000119
18775  -48.762  19.598  18.881 0.5000000000
18729  -50.216  19.905  18.740 0.5000000000
11372  -40.465  23.997  8.107 0.2000000030
11398  -41.949  24.057  7.679 0.3000000119
11423  -43.453  24.072  7.432 0.6000000238
11470  -46.476  23.801  7.124 0.6000000238
11513  -49.605  23.237  6.757 0.6000000238
18822  -45.062  21.843  19.182 0.1000000015
18777  -46.663  22.036  18.743 0.2000000030
18865  -44.567  20.689  19.405 0.1000000015
18908  -43.040  20.764  19.882 0.1000000015
18949  -42.466  19.670  20.010 0.1000000015
18907  -44.134  19.589  19.636 0.1000000015
19028  -41.338  17.744  20.648 0.1000000015
18948  -43.605  18.446  19.874 0.1000000015
18988  -43.062  17.394  20.456 0.2000000030
18636  -50.974  22.658  17.199 0.5000000000
18637  -50.020  23.602  16.856 0.6000000238
18684  -49.642  22.496  17.789 0.5000000000
18906  -45.264  18.251  19.831 0.2000000030
18863  -46.911  18.219  19.888 0.3000000119
18730  -49.182  21.063  18.182 0.4000000060
11447  -44.949  23.935  7.306 0.6000000238
11492  -48.026  23.548  6.939 0.6000000238
18732  -47.039  23.265  18.270 0.3000000119
18685  -48.533  23.443  17.591 0.4000000060
18866  -43.601  21.767  19.516 0.1000000015
18821  -46.141  20.736  18.890 0.3000000119
18989  -41.866  18.669  20.189 0.2000000030
18731  -48.168  22.253  18.291 0.4000000060
11399  -41.248  24.903  7.118 0.4000000060
11424  -42.787  24.947  6.884 0.6000000238
11448  -44.342  24.861  6.772 0.6000000238
11471  -45.904  24.698  6.656 0.6000000238
11472  -45.221  25.600  6.094 0.6000000238
11493  -47.403  24.517  6.536 0.6000000238
11514  -48.953  24.357  6.366 0.6000000238
11534  -50.508  24.139  6.295 0.6999999881
11494  -46.811  25.493  5.953 0.6000000238
11496  -45.413  27.070  4.597 0.4000000060
11495  -46.123  26.343  5.358 0.5000000000
11518  -46.424  27.676  3.610 0.5000000000
11517  -47.051  27.121  4.593 0.5000000000
11539  -47.565  28.190  2.578 0.6000000238
11538  -48.073  27.791  3.712 0.6000000238
11559  -48.721  28.680  1.602 0.6000000238
11558  -49.300  28.386  2.801 0.6999999881
11577  -50.209  28.940  1.968 0.6999999881
11578  -49.793  29.281  0.691 0.6999999881
11595  -50.837  29.701  1.287 0.6999999881
11611  -51.333  30.329  2.216 0.6999999881
11612  -50.878  30.832  0.733 0.6999999881
18778  -45.581  22.976  18.690 0.1000000015
18950  -41.457  20.843  20.150 0.1000000015
11515  -48.347  25.369  5.914 0.6000000238
11535  -49.839  25.266  5.885 0.6000000238
11516  -47.713  26.418  5.434 0.5000000000
11554  -51.238  25.098  5.871 0.6999999881
11536  -49.225  26.325  5.520 0.6000000238
11555  -50.688  26.236  5.519 0.6999999881
11537  -48.716  27.292  4.779 0.5000000000
11540  -47.125  28.701  1.366 0.4000000060
11560  -48.322  29.106  0.337 0.6000000238
11594  -51.266  29.383  2.634 0.6999999881
18823  -44.105  22.801  19.025 0.1000000015
18686  -47.354  24.042  16.957 0.4000000060
18909  -42.136  21.831  19.789 0.1000000015
18541  -48.768  25.149  12.976 0.8000000119
11556  -50.297  27.288  4.889 0.8000000119
11541  -46.598  29.304  0.288 0.4000000060
11579  -49.369  29.834  -0.657 0.6000000238
11596  -50.429  30.184  -0.114 0.6999999881
18867  -42.690  22.791  19.279 0.1000000015
18951  -40.632  22.065  20.015 0.1000000015
18910  -41.334  22.989  19.586 0.1000000015
18638  -48.895  24.135  16.274 0.8000000119
18493  -45.384  27.591  11.057 0.5000000000
18492  -47.062  26.675  11.021 0.6000000238
18494  -43.537  28.655  11.134 0.6000000238
18442  -45.381  29.107  10.422 0.6000000238
18443  -43.613  30.129  10.545 0.6000000238
18390  -45.540  30.580  10.037 0.6999999881
11561  -47.882  29.834  -0.903 0.5000000000
11610  -51.766  30.018  3.624 0.8999999762
11625  -51.596  30.810  4.825 0.8999999762
18733  -45.795  23.880  17.612 0.2000000030
18779  -44.385  23.724  18.133 0.1000000015
18824  -43.005  23.664  18.521 0.1000000015
18495  -41.704  29.737  11.199 0.4000000060
18542  -47.116  25.662  12.134 0.8000000119
18496  -39.949  30.711  11.093 0.3000000119
18444  -41.773  31.048  10.384 0.4000000060
18391  -43.779  31.383  9.812 0.5000000000
18337  -45.739  31.825  9.214 0.6000000238
11626  -51.215  30.980  3.465 0.8999999762
18825  -41.782  24.582  18.194 0.1000000015
18868  -41.625  23.849  18.908 0.1000000015
18590  -48.949  24.568  14.702 0.6999999881
18591  -47.318  24.871  13.660 0.8999999762
18546  -40.002  29.376  12.032 0.4000000060
18545  -41.763  28.358  11.941 0.4000000060
18544  -43.600  27.234  11.842 0.4000000060
18543  -45.429  26.336  11.879 0.5000000000
18445  -40.047  31.837  9.994 0.4000000060
18392  -42.051  32.137  9.350 0.5000000000
18338  -44.147  32.468  8.805 0.5000000000
11627  -50.736  31.373  1.975 0.8000000119
11640  -50.610  31.725  4.764 0.8999999762
11597  -50.045  30.903  -1.388 0.5000000000
11580  -49.020  30.750  -1.821 0.5000000000
18780  -43.064  24.464  17.619 0.1000000015
11613  -50.502  31.415  -0.610 0.6000000238
18734  -44.366  24.421  16.935 0.2000000030
18687  -45.793  24.395  16.128 0.4000000060
18639  -47.462  24.381  15.341 0.8000000119
11444  -46.659  20.970  7.892 0.6000000238
11342  -41.243  20.832  9.460 0.2000000030
11449  -43.661  25.734  6.144 0.6000000238
11520  -45.364  28.965  1.486 0.4000000060
18944  -47.515  13.710  23.028 0.1000000015
18902  -48.887  14.167  22.293 0.1000000015
18859  -50.039  14.868  21.308 0.2000000030
18985  -45.902  13.714  23.384 0.1000000015
18943  -48.102  13.105  21.527 0.1000000015
18901  -49.081  13.913  20.639 0.2000000030
18858  -49.976  14.627  19.444 0.2000000030
19063  -43.480  12.843  23.161 0.1000000015
19024  -45.183  12.567  22.946 0.1000000015
18984  -46.795  12.567  22.302 0.1000000015
19100  -42.803  11.555  22.545 0.1000000015
19062  -44.397  11.525  22.122 0.1000000015
19136  -42.095  10.351  21.842 0.1000000015
19099  -43.562  10.558  21.268 0.1000000015
18860  -49.681  15.424  22.435 0.1000000015
18816  -51.045  15.838  21.511 0.2000000030
18771  -52.089  16.063  20.212 0.2000000030
18945  -46.598  15.111  23.074 0.1000000015
18903  -48.195  15.129  23.003 0.1000000015
18815  -51.101  15.317  19.965 0.2000000030
18770  -52.036  15.444  18.471 0.2000000030
19025  -44.165  14.114  23.312 0.1000000015
18900  -48.928  13.812  18.723 0.2000000030
18986  -44.902  15.228  22.793 0.1000000015
18772  -51.672  16.816  21.138 0.4000000060
18725  -52.987  16.044  18.710 0.2000000030
18814  -50.865  14.840  17.963 0.2000000030
18857  -49.676  14.176  17.386 0.2000000030
18724  -52.778  15.245  16.851 0.2000000030
18680  -53.258  18.018  19.403 0.4000000060
18726  -52.727  16.938  19.972 0.3000000119
18727  -52.127  17.888  20.231 0.4000000060
18904  -47.243  16.238  22.311 0.2000000030
18861  -48.843  16.343  22.364 0.3000000119
18817  -50.381  16.641  21.967 0.3000000119
19026  -43.276  15.278  22.284 0.2000000030
18946  -45.652  16.203  21.954 0.2000000030
19065  -41.690  15.374  21.880 0.1000000015
18678  -53.599  15.927  17.207 0.2000000030
18677  -53.295  15.042  15.282 0.2000000030
18676  -53.088  14.321  13.330 0.1000000015
18773  -50.871  17.630  20.925 0.4000000060
18862  -47.957  17.198  21.199 0.3000000119
18818  -49.497  17.424  21.227 0.3000000119
18679  -53.628  16.938  18.625 0.3000000119
18987  -44.073  16.222  21.444 0.2000000030
18632  -53.998  17.970  18.206 0.4000000060
18905  -46.345  17.109  20.923 0.3000000119
18631  -54.009  16.866  17.152 0.3000000119
19103  -40.023  15.681  21.805 0.1000000015
19027  -42.404  16.368  21.194 0.2000000030
18947  -44.701  17.215  20.570 0.2000000030
18583  -54.124  17.960  16.702 0.3000000119
18582  -53.791  16.911  15.653 0.3000000119
18630  -53.740  15.796  15.598 0.2000000030
18532  -52.918  17.123  14.313 0.2000000030
18581  -53.448  15.998  14.124 0.2000000030
18481  -51.461  17.228  13.135 0.2000000030
18531  -52.294  16.187  12.894 0.2000000030
18629  -53.530  15.062  13.799 0.2000000030
18580  -53.052  15.294  12.380 0.2000000030
18819  -48.472  18.314  20.020 0.3000000119
18774  -49.923  18.499  19.964 0.4000000060
19066  -40.675  16.738  21.188 0.1000000015
18429  -49.762  16.896  11.994 0.2000000030
18480  -50.638  15.966  11.699 0.2000000030
11393  -44.956  19.194  9.088 0.4000000060
18688  -44.113  24.744  15.444 0.2000000030
18640  -45.687  24.674  14.531 0.5000000000
11425  -42.063  25.744  6.319 0.4000000060
11426  -41.341  26.498  5.702 0.3000000119
11450  -42.951  26.548  5.472 0.4000000060
11473  -44.544  26.445  5.404 0.4000000060
11451  -42.280  27.273  4.689 0.3000000119
11477  -42.245  29.231  1.924 0.3000000119
11521  -44.891  29.542  0.447 0.3000000119
11542  -46.205  30.044  -0.843 0.3000000119
11522  -44.564  30.200  -0.642 0.3000000119
11427  -40.689  27.272  4.951 0.3000000119
11474  -43.866  27.210  4.611 0.3000000119
11452  -41.619  27.992  3.898 0.3000000119
11475  -43.217  27.952  3.686 0.3000000119
11497  -44.831  27.783  3.610 0.3000000119
11453  -41.151  28.671  3.129 0.3000000119
11476  -42.710  28.639  2.845 0.3000000119
11519  -45.879  28.297  2.511 0.5000000000
11498  -44.278  28.521  2.624 0.3000000119
11499  -43.759  29.133  1.695 0.3000000119
11523  -44.501  30.847  -1.643 0.2000000030
11543  -46.078  30.818  -1.863 0.3000000119
11562  -47.640  30.729  -1.954 0.3000000119
11502  -43.129  30.947  -1.500 0.2000000030
11563  -47.697  31.754  -2.900 0.3000000119
11544  -46.081  31.772  -2.762 0.2000000030
11614  -50.210  32.446  -1.723 0.4000000060
11598  -49.790  32.041  -2.316 0.3000000119
11581  -48.983  31.848  -2.761 0.3000000119
11641  -50.088  31.834  3.343 0.6999999881
11628  -50.265  31.968  0.468 0.6999999881
11629  -49.902  32.910  -0.761 0.6000000238
11654  -49.128  32.380  4.714 0.6999999881
11655  -48.596  32.599  3.154 0.6999999881
11642  -49.555  32.324  1.777 0.6999999881
11643  -49.151  33.292  0.266 0.6999999881
11524  -44.690  31.816  -2.668 0.2000000030
11615  -49.802  33.604  -2.513 0.4000000060
10104  -48.212  32.499  7.480 0.6000000238
11653  -49.536  32.243  6.156 0.8000000119
11656  -48.113  33.397  1.428 0.6999999881
11630  -49.507  34.171  -1.678 0.6999999881
11564  -47.739  32.761  -3.898 0.3000000119
11599  -49.541  33.257  -3.207 0.3000000119
11680  -45.574  34.714  2.609 0.6999999881
11668  -46.993  33.418  2.745 0.6999999881
11669  -46.713  34.700  1.409 0.6999999881
11657  -47.863  34.838  0.350 0.6999999881
11525  -44.920  32.799  -3.773 0.2000000030
11545  -46.305  32.668  -3.840 0.2000000030
11644  -48.864  34.662  -0.625 0.6999999881
11582  -49.003  33.073  -3.713 0.2000000030
11666  -47.994  32.921  6.245 0.6000000238
11681  -45.400  36.257  1.688 0.6999999881
11670  -46.464  36.340  0.649 0.6999999881
11658  -47.368  36.252  -0.338 0.6999999881
11645  -48.175  35.712  -1.420 0.6999999881
10102  -45.154  33.854  7.171 0.5000000000
11678  -46.439  33.652  6.094 0.6000000238
10101  -43.726  34.583  6.571 0.5000000000
11689  -45.061  34.471  5.676 0.6000000238
11679  -45.956  33.868  4.243 0.6999999881
11667  -47.440  33.055  4.550 0.6999999881
10100  -42.334  35.286  5.895 0.5000000000
11699  -43.719  35.321  5.110 0.5000000000
11690  -44.589  35.005  3.828 0.6000000238
11631  -48.823  35.166  -2.382 0.5000000000
11504  -43.767  32.924  -3.864 0.2000000030
11616  -49.132  34.555  -3.269 0.3000000119
11546  -46.438  33.405  -5.089 0.2000000030
11600  -49.191  34.194  -4.077 0.3000000119
11565  -47.714  33.506  -4.998 0.2000000030
18343  -37.865  36.249  6.598 0.4000000060
18288  -39.411  36.191  5.924 0.4000000060
10099  -41.151  36.111  5.387 0.4000000060
18287  -40.567  35.247  6.520 0.5000000000
11708  -42.475  36.309  4.612 0.5000000000
11700  -43.541  36.208  3.552 0.6000000238
11691  -44.454  36.177  2.611 0.6000000238
11583  -48.699  33.801  -4.656 0.4000000060
10098  -40.111  37.103  5.070 0.4000000060
11601  -48.567  34.919  -5.098 0.4000000060
19023  -45.949  11.825  21.396 0.1000000015
19172  -40.650  10.318  22.334 0.1000000015
19140  -38.435  16.077  21.999 0.1000000015
19104  -39.060  17.160  21.549 0.1000000015
11500  -43.317  29.695  0.672 0.3000000119
11428  -40.107  28.013  4.247 0.3000000119
11526  -45.212  33.394  -5.151 0.2000000030
11505  -44.055  33.472  -5.415 0.2000000030
18289  -38.451  37.285  5.652 0.4000000060
11339  -42.942  17.663  8.696 0.1000000015
11366  -44.166  17.958  9.195 0.1000000015
10119  -44.722  16.852  9.134 0.1000000015
11338  -43.443  16.648  8.572 0.1000000015
18267  -45.513  15.757  8.532 0.1000000015
11311  -41.686  17.505  8.625 0.1000000015
18375  -47.741  15.140  8.739 0.1000000015
11312  -41.111  18.486  9.198 0.1000000015
11219  -38.660  15.058  8.569 0.1000000015
11251  -39.410  16.290  8.572 0.1000000015
11282  -40.300  17.382  8.901 0.1000000015
18427  -48.768  14.629  8.085 0.1000000015
10118  -45.407  18.348  9.804 0.1000000015
18530  -51.738  15.315  11.068 0.1000000015
18628  -53.209  14.470  11.882 0.1000000015
11220  -38.194  15.944  9.333 0.1000000015
11252  -38.986  17.124  9.446 0.1000000015
18428  -49.147  15.566  10.301 0.1000000015
18479  -50.134  15.002  9.604 0.1000000015
18579  -52.505  14.634  10.398 0.1000000015
11340  -42.457  18.637  8.790 0.2000000030
11367  -43.738  18.841  8.767 0.2000000030
11283  -39.772  18.320  9.681 0.1000000015
11368  -43.177  19.854  8.657 0.2000000030
11313  -40.543  19.564  9.686 0.1000000015
11341  -41.834  19.703  9.169 0.1000000015
11284  -39.219  19.411  10.244 0.1000000015
10103  -46.702  33.177  7.525 0.4000000060
18285  -43.150  33.741  7.635 0.4000000060
18284  -44.721  33.209  8.065 0.4000000060
18283  -46.281  32.621  8.322 0.4000000060
18339  -42.571  32.997  8.495 0.4000000060
18340  -41.043  33.473  8.145 0.4000000060
18286  -41.806  34.426  7.117 0.4000000060
18393  -40.444  32.641  8.981 0.4000000060
18341  -39.790  34.177  7.728 0.4000000060
11671  -45.627  37.158  -0.350 0.5000000000
18394  -38.998  33.215  8.738 0.4000000060
18446  -38.462  32.390  9.753 0.3000000119
18395  -37.901  34.049  8.344 0.4000000060
18342  -38.741  35.140  7.083 0.4000000060
11701  -43.536  37.642  2.705 0.4000000060
11692  -44.349  37.706  1.713 0.5000000000
11682  -45.030  37.616  0.623 0.4000000060
18547  -38.301  30.388  12.029 0.2000000030
18497  -38.201  31.427  10.863 0.2000000030
18498  -36.906  32.118  10.673 0.2000000030
18447  -37.238  33.081  9.498 0.2000000030
11709  -42.525  37.412  3.486 0.4000000060
18596  -38.545  29.235  13.110 0.2000000030
18548  -36.802  31.104  11.925 0.2000000030
18448  -36.287  33.978  9.186 0.3000000119
11693  -43.286  38.031  0.461 0.3000000119
18595  -40.103  28.135  12.961 0.3000000119
18594  -41.815  27.060  12.758 0.3000000119
18598  -35.864  30.964  13.168 0.2000000030
18597  -37.018  30.175  13.157 0.2000000030
18549  -35.696  31.920  11.769 0.2000000030
18499  -35.824  32.966  10.454 0.2000000030
18396  -37.125  35.084  7.800 0.4000000060
11716  -41.424  37.302  4.332 0.4000000060
18644  -38.822  28.176  14.166 0.3000000119
18643  -40.309  27.075  13.903 0.3000000119
18593  -43.663  26.115  12.743 0.4000000060
18645  -37.531  29.388  14.408 0.2000000030
18599  -35.007  31.971  13.139 0.2000000030
18550  -34.818  33.025  11.661 0.2000000030
18641  -43.871  25.239  13.983 0.3000000119
18642  -42.039  26.055  13.773 0.3000000119
18592  -45.514  25.362  13.022 0.4000000060
18600  -34.486  33.236  13.131 0.2000000030
18551  -34.287  34.404  11.484 0.2000000030
18500  -34.955  34.173  10.220 0.2000000030
18449  -35.722  35.191  8.709 0.2000000030
18397  -36.494  36.345  7.370 0.3000000119
18344  -37.163  37.527  6.385 0.3000000119
10097  -39.168  38.260  4.904 0.3000000119
11723  -40.336  38.390  4.091 0.3000000119
11717  -41.248  38.546  3.312 0.3000000119
11710  -42.112  38.689  2.454 0.3000000119
18691  -39.259  27.310  15.214 0.3000000119
18690  -40.609  26.224  14.941 0.3000000119
18601  -34.487  34.762  13.122 0.2000000030
18649  -35.063  33.781  14.715 0.2000000030
18501  -34.653  35.524  9.942 0.2000000030
18450  -35.377  36.591  8.443 0.2000000030
18398  -36.269  37.809  7.368 0.2000000030
18345  -36.978  39.044  6.565 0.2000000030
18290  -37.851  38.621  5.672 0.3000000119
10096  -38.485  39.512  4.878 0.2000000030
18552  -34.419  35.923  11.460 0.2000000030
18602  -34.931  36.296  13.131 0.2000000030
18502  -34.760  36.975  9.851 0.2000000030
18451  -35.609  38.069  8.587 0.2000000030
18291  -37.663  39.988  5.853 0.2000000030
11729  -39.257  39.432  3.934 0.3000000119
18553  -34.832  37.377  11.501 0.2000000030
18603  -35.515  37.769  13.103 0.2000000030
18554  -35.580  38.835  11.638 0.2000000030
18399  -36.456  39.369  7.734 0.2000000030
18346  -37.135  40.304  6.879 0.2000000030
18292  -37.938  41.177  6.215 0.2000000030
10095  -38.381  40.796  5.100 0.2000000030
18400  -36.759  40.608  8.107 0.2000000030
10094  -38.704  42.122  5.527 0.2000000030
18293  -38.500  42.401  6.595 0.2000000030
18401  -37.211  41.694  8.582 0.2000000030
18347  -37.517  41.479  7.283 0.2000000030
11734  -38.613  40.674  4.069 0.2000000030
18348  -38.029  42.650  7.728 0.2000000030
18294  -38.738  43.558  7.031 0.2000000030
11314  -39.903  20.684  9.971 0.1000000015
19067  -39.676  18.148  21.111 0.1000000015
19029  -40.241  19.013  20.700 0.1000000015
11289  -35.555  24.591  9.387 0.1000000015
11318  -36.854  24.692  8.707 0.1000000015
11317  -37.636  23.781  9.147 0.1000000015
11288  -36.331  23.588  9.853 0.1000000015
11345  -39.015  23.893  8.587 0.1000000015
11346  -38.226  24.775  8.092 0.1000000015
11373  -39.723  24.871  7.526 0.1000000015
18736  -41.030  25.669  16.050 0.2000000030
18689  -42.341  25.347  15.018 0.2000000030
11290  -34.820  25.549  8.857 0.1000000015
11319  -36.177  25.628  8.205 0.1000000015
11347  -37.565  25.654  7.595 0.1000000015
11291  -34.137  26.495  8.282 0.1000000015
11348  -36.908  26.568  7.041 0.1000000015
11374  -39.049  25.709  7.024 0.1000000015
11400  -40.525  25.682  6.607 0.1000000015
18737  -39.709  26.692  16.277 0.2000000030
11261  -32.864  26.332  8.952 0.1000000015
11375  -38.393  26.570  6.505 0.1000000015
11401  -39.834  26.526  6.046 0.2000000030
18782  -40.236  26.230  17.297 0.1000000015
11262  -32.298  27.351  8.182 0.1000000015
11292  -33.535  27.452  7.610 0.1000000015
11231  -30.983  27.038  8.634 0.1000000015
11349  -36.272  27.392  6.394 0.1000000015
11376  -37.805  27.337  5.852 0.2000000030
11402  -39.183  27.303  5.383 0.2000000030
18827  -39.791  27.115  18.580 0.2000000030
11263  -31.791  28.356  7.322 0.1000000015
11293  -33.109  28.434  6.816 0.1000000015
11322  -34.436  28.326  6.232 0.2000000030
11321  -34.881  27.455  7.004 0.1000000015
11350  -35.775  28.175  5.691 0.2000000030
11377  -37.174  28.107  5.151 0.2000000030
11403  -38.638  28.041  4.670 0.2000000030
18738  -38.878  28.041  16.707 0.1000000015
18739  -38.419  29.421  17.047 0.1000000015
18692  -38.180  28.615  15.588 0.1000000015
11323  -34.051  29.343  5.436 0.2000000030
11404  -38.264  28.741  3.869 0.2000000030
11429  -39.690  28.666  3.465 0.2000000030
18693  -37.273  29.858  15.921 0.1000000015
18646  -36.364  30.274  14.558 0.1000000015
11351  -35.376  29.092  4.902 0.2000000030
11378  -36.779  28.835  4.394 0.2000000030
11405  -37.980  29.411  3.003 0.2000000030
11430  -39.384  29.242  2.622 0.2000000030
11454  -40.800  29.230  2.246 0.2000000030
11478  -41.859  29.746  0.961 0.2000000030
18787  -38.960  32.206  18.179 0.1000000015
18788  -38.814  33.202  18.048 0.1000000015
18833  -40.044  33.854  18.823 0.1000000015
18228  -39.859  34.985  18.729 0.1000000015
29962  -40.450  35.652  19.344 0.1000000015
29918  -40.049  37.004  19.264 0.1000000015
18740  -38.019  30.582  17.239 0.1000000015
18741  -37.647  31.536  17.307 0.1000000015
18742  -37.458  32.577  17.270 0.1000000015
18743  -37.381  33.632  17.132 0.1000000015
18789  -38.693  34.308  17.997 0.1000000015
29917  -39.293  36.238  18.616 0.1000000015
18694  -36.602  30.818  16.064 0.1000000015
18695  -36.213  31.862  16.103 0.1000000015
18647  -35.573  31.242  14.626 0.1000000015
11431  -39.196  29.989  1.634 0.1000000015
11455  -40.504  29.757  1.297 0.2000000030
18229  -38.527  35.525  18.013 0.1000000015
29871  -38.218  36.983  17.692 0.1000000015
29872  -38.977  37.824  18.412 0.1000000015
18696  -36.079  33.028  16.086 0.1000000015
18648  -35.129  32.393  14.709 0.1000000015
11406  -37.893  30.406  1.954 0.1000000015
11501  -43.108  30.220  -0.402 0.2000000030
18697  -36.159  34.337  16.099 0.1000000015
11407  -38.085  31.517  0.787 0.1000000015
11479  -41.756  30.276  -0.123 0.1000000015
18650  -35.312  35.246  14.715 0.1000000015
18651  -35.808  36.781  14.584 0.1000000015
29776  -37.009  38.780  15.153 0.1000000015
18233  -36.120  39.219  13.148 0.1000000015
29727  -36.476  39.823  14.045 0.1000000015
29678  -36.070  41.034  14.088 0.1000000015
18234  -36.094  40.129  12.051 0.1000000015
29677  -36.068  40.583  13.065 0.1000000015
29729  -37.062  40.983  16.208 0.1000000015
29680  -36.823  42.527  16.675 0.1000000015
29679  -36.185  41.599  15.381 0.1000000015
29628  -35.864  42.334  14.341 0.1000000015
29627  -35.882  41.712  13.032 0.1000000015
18504  -35.980  39.746  10.470 0.1000000015
29626  -36.104  41.308  11.947 0.1000000015
29574  -36.482  42.118  10.992 0.1000000015
18503  -35.344  38.427  10.047 0.1000000015
18235  -36.392  40.904  11.006 0.1000000015
29629  -36.349  43.230  15.740 0.1000000015
29630  -36.892  44.132  16.982 0.1000000015
29578  -36.796  45.010  16.061 0.1000000015
29577  -36.427  44.094  14.730 0.1000000015
29576  -36.120  43.281  13.355 0.1000000015
29522  -36.869  43.745  11.263 0.1000000015
29575  -36.149  42.684  12.086 0.1000000015
29468  -37.542  44.911  10.414 0.1000000015
18452  -36.113  39.504  8.990 0.1000000015
18453  -36.613  40.662  9.486 0.1000000015
18236  -36.901  41.715  10.021 0.1000000015
29521  -37.060  43.168  10.134 0.1000000015
11456  -40.531  30.585  0.140 0.1000000015
11457  -40.803  31.695  -1.140 0.1000000015
11480  -41.987  31.255  -1.342 0.1000000015
29523  -36.852  44.402  12.506 0.1000000015
29469  -37.678  45.615  11.748 0.1000000015
29413  -38.127  45.995  9.567 0.1000000015
18237  -37.426  42.702  9.104 0.1000000015
29467  -37.663  44.266  9.236 0.1000000015
11481  -42.267  32.363  -2.547 0.1000000015
11503  -43.434  32.090  -2.622 0.1000000015
11646  -47.189  36.137  -2.229 0.3000000119
11647  -46.097  36.173  -3.266 0.3000000119
11632  -47.847  35.589  -3.231 0.2000000030
11633  -46.892  35.866  -4.295 0.3000000119
11617  -48.372  35.202  -4.214 0.3000000119
11584  -48.297  34.457  -5.838 0.3000000119
29524  -37.032  45.079  13.912 0.1000000015
29414  -38.451  46.808  10.759 0.1000000015
18238  -38.040  43.736  8.204 0.1000000015
29412  -38.140  45.318  8.488 0.1000000015
11719  -39.020  39.305  1.044 0.1000000015
11458  -41.088  32.716  -2.508 0.1000000015
11703  -41.385  38.149  0.364 0.1000000015
11683  -43.847  37.494  -0.501 0.2000000030
11694  -41.939  37.675  -0.594 0.1000000015
11672  -44.510  36.937  -1.375 0.3000000119
11659  -46.443  36.600  -1.248 0.4000000060
11684  -42.644  37.322  -1.560 0.1000000015
11482  -42.568  33.153  -3.990 0.1000000015
11673  -43.379  36.916  -2.394 0.3000000119
11660  -45.299  36.505  -2.274 0.3000000119
11661  -44.185  36.605  -3.342 0.3000000119
11566  -47.648  34.035  -6.326 0.2000000030
27869  -38.315  47.760  9.885 0.1000000015
27870  -38.317  46.989  8.864 0.1000000015
18239  -38.503  44.754  7.449 0.1000000015
27871  -38.537  46.331  7.765 0.1000000015
11730  -38.630  40.367  2.946 0.1000000015
11724  -39.825  39.350  3.024 0.1000000015
11711  -40.835  38.743  1.238 0.1000000015
11702  -42.842  38.531  1.497 0.2000000030
11712  -39.524  38.708  0.155 0.1000000015
11704  -40.096  38.272  -0.808 0.1000000015
11648  -44.992  36.490  -4.418 0.3000000119
11618  -47.539  35.819  -5.240 0.3000000119
27872  -38.675  47.900  7.794 0.1000000015
10093  -39.226  43.360  5.901 0.1000000015
10092  -39.184  44.487  6.293 0.1000000015
11738  -38.735  42.041  4.373 0.1000000015
11735  -38.223  41.728  3.210 0.1000000015
11718  -40.340  39.192  2.086 0.2000000030
11731  -37.866  41.137  2.123 0.1000000015
11725  -38.778  39.860  1.898 0.1000000015
11726  -37.803  40.519  1.118 0.1000000015
11720  -37.976  39.930  0.132 0.1000000015
11713  -38.449  39.483  -0.926 0.1000000015
11695  -40.749  37.947  -1.745 0.1000000015
11685  -41.497  37.682  -2.692 0.1000000015
11674  -42.295  37.373  -3.628 0.1000000015
11483  -42.828  33.611  -5.602 0.1000000015
11527  -45.627  33.828  -6.814 0.2000000030
11547  -46.703  33.825  -6.528 0.1000000015
11585  -48.049  35.137  -6.967 0.3000000119
27927  -38.079  48.498  8.743 0.1000000015
6  -38.874  45.676  6.689 0.1000000015
19780  -39.103  47.146  6.694 0.1000000015
11741  -39.116  43.369  4.720 0.1000000015
11743  -39.293  44.652  5.181 0.1000000015
11736  -37.721  42.653  2.534 0.1000000015
11732  -37.315  42.118  1.438 0.1000000015
11705  -39.154  39.180  -1.988 0.1000000015
11696  -39.915  38.965  -2.991 0.1000000015
11662  -43.144  37.278  -4.667 0.2000000030
11634  -45.861  36.480  -5.355 0.3000000119
11506  -44.484  33.769  -7.178 0.1000000015
11602  -47.947  35.562  -6.198 0.3000000119
11567  -47.798  34.597  -7.681 0.3000000119
27873  -38.330  49.503  7.478 0.1000000015
11742  -38.815  44.520  4.103 0.1000000015
10148  -39.255  45.832  5.616 0.1000000015
11739  -38.449  43.145  3.607 0.1000000015
11727  -37.176  41.633  0.271 0.1000000015
11721  -37.362  41.171  -0.956 0.1000000015
11686  -40.651  38.783  -3.991 0.1000000015
11649  -43.956  37.287  -5.703 0.2000000030
11619  -46.626  36.400  -6.350 0.3000000119
11548  -47.248  34.281  -8.190 0.1000000015
19781  -39.099  48.794  6.527 0.1000000015
10149  -39.153  45.721  4.470 0.1000000015
11740  -38.074  44.180  3.097 0.1000000015
11737  -37.537  43.796  1.976 0.1000000015
11733  -37.195  43.530  0.677 0.1000000015
11714  -37.987  40.911  -2.105 0.1000000015
11706  -38.776  40.772  -3.185 0.1000000015
11675  -41.476  38.637  -5.018 0.1000000015
11635  -44.739  37.203  -6.735 0.2000000030
11603  -47.210  36.229  -7.271 0.3000000119
27928  -37.138  49.607  8.130 0.1000000015
19892  -39.372  47.198  5.457 0.1000000015
10150  -38.669  45.547  3.549 0.1000000015
10151  -38.038  45.288  2.556 0.1000000015
11728  -37.117  43.299  -0.664 0.1000000015
11620  -45.615  37.083  -7.722 0.2000000030
11586  -47.762  35.742  -8.241 0.2000000030
11604  -46.476  36.831  -8.703 0.2000000030
11568  -47.958  35.156  -9.085 0.1000000015
11621  -44.659  37.964  -9.446 0.1000000015
11587  -47.115  36.467  -9.600 0.1000000015
11569  -47.419  36.204  -10.453 0.1000000015
11605  -45.439  37.819  -10.431 0.1000000015
11260  -33.527  25.344  9.593 0.1000000015
11320  -35.497  26.519  7.646 0.1000000015
18783  -39.523  27.613  17.749 0.1000000015
11294  -32.735  29.455  5.911 0.2000000030
11352  -35.197  30.085  3.957 0.2000000030
18832  -40.232  32.793  18.925 0.1000000015
18232  -36.386  38.137  14.424 0.1000000015
29728  -36.691  40.312  15.001 0.1000000015
29631  -37.007  44.963  18.197 0.1000000015
19893  -39.032  47.087  4.256 0.1000000015
10152  -37.569  45.167  1.246 0.1000000015
18735  -42.745  24.967  16.357 0.1000000015
18781  -41.581  25.270  17.276 0.1000000015
18828  -39.902  28.581  18.886 0.1000000015
18983  -47.172  12.399  20.557 0.1000000015
18942  -48.125  13.074  19.735 0.1000000015
18982  -47.187  12.311  18.722 0.1000000015
18981  -47.245  11.597  16.861 0.1000000015
19020  -46.456  10.114  16.025 0.1000000015
18941  -48.015  12.802  17.766 0.1000000015
18940  -47.978  11.937  15.869 0.1000000015
18980  -47.418  10.472  15.136 0.1000000015
18899  -48.643  13.227  16.688 0.1000000015
18939  -48.095  10.858  14.096 0.1000000015
18813  -50.504  14.063  15.846 0.1000000015
18769  -51.683  14.695  16.394 0.1000000015
18897  -48.649  11.158  12.901 0.1000000015
18855  -49.222  12.273  13.581 0.1000000015
18811  -49.961  12.256  12.202 0.1000000015
18812  -50.203  13.086  14.009 0.1000000015
18722  -52.121  13.628  12.943 0.1000000015
18723  -52.420  14.460  14.896 0.1000000015
18767  -51.020  12.918  12.595 0.1000000015
18898  -48.539  12.145  14.769 0.1000000015
18856  -49.387  13.257  15.340 0.1000000015
18768  -51.321  13.782  14.349 0.1000000015
11379  -36.551  29.752  3.469 0.1000000015
11264  -31.434  29.348  6.378 0.1000000015
11324  -33.814  30.343  4.457 0.1000000015
11663  -42.127  38.424  -6.162 0.1000000015
11636  -43.832  38.070  -8.376 0.1000000015
11650  -42.946  38.239  -7.332 0.1000000015
11664  -41.571  39.891  -7.659 0.1000000015
11651  -42.474  39.903  -8.729 0.1000000015
