#!ascii label  , from subject 32k_fs_LR vox2ras=TkReg
461
23535  -40.713  -84.616  -7.786 0.1000000015
23583  -41.223  -84.150  -8.852 0.1000000015
23584  -40.051  -85.764  -8.899 0.1000000015
23631  -40.352  -85.345  -9.945 0.1000000015
23630  -41.584  -83.627  -9.889 0.1000000015
23677  -40.513  -85.012  -11.059 0.1000000015
23676  -41.847  -83.203  -10.995 0.1000000015
23722  -40.571  -84.719  -12.346 0.1000000015
23765  -41.983  -82.620  -12.942 0.1000000015
23766  -40.341  -84.476  -13.457 0.1000000015
23582  -42.128  -82.307  -8.946 0.1000000015
23534  -41.498  -82.927  -7.746 0.1000000015
23721  -41.960  -82.936  -12.084 0.1000000015
23849  -42.058  -79.163  -13.116 0.1000000015
23807  -42.867  -79.774  -12.902 0.1000000015
23808  -41.771  -81.852  -13.544 0.1000000015
23533  -42.043  -81.004  -7.663 0.1000000015
23581  -42.700  -80.253  -8.779 0.2000000030
23628  -43.227  -79.598  -9.795 0.1000000015
23887  -40.199  -73.390  -10.380 0.1000000015
23629  -42.647  -81.620  -9.999 0.1000000015
23888  -40.658  -75.215  -11.181 0.1000000015
23847  -41.521  -75.958  -11.051 0.1000000015
23805  -42.485  -76.344  -10.878 0.1000000015
23848  -41.961  -77.601  -12.029 0.1000000015
23675  -43.019  -81.215  -10.947 0.1000000015
23806  -42.986  -77.997  -11.840 0.1000000015
23763  -43.752  -78.196  -11.511 0.1000000015
23764  -43.371  -80.401  -12.369 0.1000000015
23720  -43.263  -80.875  -11.752 0.1000000015
23580  -43.064  -78.112  -8.529 0.1000000015
23532  -42.252  -78.973  -7.499 0.2000000030
23483  -41.468  -79.819  -6.409 0.2000000030
23886  -39.772  -71.386  -9.832 0.1000000015
23674  -43.668  -79.123  -10.565 0.1000000015
23846  -40.898  -74.287  -10.216 0.1000000015
23719  -43.856  -78.612  -11.062 0.1000000015
23531  -42.586  -76.985  -7.176 0.1000000015
23579  -43.505  -76.177  -8.029 0.1000000015
23627  -43.715  -77.511  -9.442 0.1000000015
23845  -40.329  -72.325  -9.535 0.1000000015
23803  -41.079  -73.099  -9.345 0.1000000015
23804  -41.807  -74.761  -10.048 0.1000000015
23761  -42.790  -74.922  -9.790 0.1000000015
23762  -43.510  -76.480  -10.647 0.1000000015
23718  -44.028  -76.790  -10.291 0.1000000015
23673  -43.986  -77.073  -9.923 0.1000000015
23926  -39.510  -70.213  -10.264 0.1000000015
23965  -39.614  -68.933  -10.764 0.1000000015
23578  -44.128  -74.571  -7.476 0.1000000015
23625  -44.336  -74.169  -8.259 0.1000000015
23626  -44.070  -75.685  -8.818 0.1000000015
23530  -43.299  -75.222  -6.710 0.1000000015
23482  -41.690  -77.839  -6.192 0.2000000030
23885  -39.393  -69.132  -9.358 0.1000000015
23844  -39.734  -70.206  -8.977 0.1000000015
23671  -43.842  -73.917  -8.661 0.1000000015
23672  -44.055  -75.351  -9.295 0.1000000015
23760  -42.052  -73.548  -9.086 0.1000000015
23717  -43.716  -75.076  -9.560 0.1000000015
23925  -39.370  -67.927  -9.842 0.1000000015
24003  -40.160  -67.598  -11.260 0.1000000015
23624  -44.100  -72.692  -7.569 0.1000000015
23802  -40.316  -71.169  -8.619 0.1000000015
23716  -43.078  -73.735  -8.889 0.1000000015
23481  -42.311  -75.860  -5.961 0.1000000015
23431  -41.696  -76.574  -5.079 0.2000000030
23964  -39.707  -66.531  -10.359 0.1000000015
23577  -44.619  -73.050  -7.054 0.1000000015
23670  -43.063  -72.561  -7.905 0.1000000015
23843  -39.306  -67.853  -8.338 0.1000000015
23801  -39.694  -68.898  -7.975 0.1000000015
23759  -41.038  -71.864  -8.334 0.1000000015
23884  -39.145  -66.607  -8.755 0.1000000015
24002  -40.296  -65.103  -10.933 0.1000000015
23623  -43.299  -71.226  -6.808 0.1000000015
23669  -42.092  -71.021  -7.131 0.1000000015
23529  -44.136  -73.623  -6.301 0.1000000015
23715  -42.027  -72.336  -8.198 0.1000000015
23480  -43.098  -74.313  -5.701 0.1000000015
23924  -39.281  -65.379  -9.264 0.1000000015
23963  -39.730  -63.995  -9.766 0.1000000015
23576  -44.283  -71.564  -6.568 0.1000000015
23714  -41.063  -70.555  -7.436 0.1000000015
23758  -40.271  -69.878  -7.733 0.1000000015
23528  -44.649  -72.086  -6.044 0.1000000015
23842  -39.175  -65.258  -7.567 0.1000000015
23883  -39.210  -64.157  -8.033 0.1000000015
23923  -39.511  -62.930  -8.541 0.1000000015
23962  -39.896  -61.551  -9.177 0.1000000015
24001  -40.215  -62.607  -10.403 0.1000000015
23800  -39.366  -66.431  -7.235 0.1000000015
23882  -39.644  -61.768  -7.281 0.1000000015
23922  -39.840  -60.499  -7.858 0.1000000015
23668  -41.376  -69.157  -6.470 0.1000000015
23622  -42.599  -69.693  -6.252 0.1000000015
23713  -40.470  -68.415  -6.706 0.1000000015
23841  -39.529  -62.965  -6.813 0.1000000015
23961  -40.109  -59.374  -8.621 0.1000000015
23799  -39.623  -64.072  -6.460 0.1000000015
23757  -39.817  -67.504  -6.911 0.1000000015
23881  -40.410  -59.626  -6.700 0.1000000015
23921  -40.508  -58.499  -7.453 0.1000000015
23712  -40.386  -66.246  -6.054 0.1000000015
23756  -39.892  -65.187  -6.187 0.1000000015
23880  -41.517  -57.825  -6.572 0.1000000015
23840  -40.332  -60.755  -6.162 0.1000000015
23839  -41.465  -58.962  -5.972 0.1000000015
23850  -41.300  -80.920  -13.742 0.1000000015
23966  -39.699  -70.941  -11.114 0.1000000015
15239  -42.468  -75.086  4.859 0.5000000000
15130  -44.128  -79.908  2.289 0.5000000000
15292  -41.498  -72.321  5.142 0.5000000000
15240  -41.223  -73.802  4.752 0.5000000000
15131  -43.352  -78.681  2.219 0.5000000000
15187  -41.004  -75.221  3.695 0.4000000060
15021  -42.280  -79.180  0.064 0.5000000000
15022  -41.711  -77.968  -0.037 0.5000000000
23220  -41.401  -77.594  -1.370 0.5000000000
15023  -41.044  -76.603  -0.176 0.5000000000
23219  -41.062  -76.061  -1.579 0.4000000060
23218  -40.826  -74.402  -1.665 0.4000000060
15234  -45.571  -80.763  5.551 0.1000000015
15183  -45.232  -79.938  3.535 0.5000000000
15291  -42.804  -73.474  5.531 0.5000000000
15238  -43.709  -76.276  4.809 0.4000000060
15343  -41.697  -70.878  5.290 0.5000000000
15293  -40.453  -70.963  4.672 0.5000000000
15241  -40.241  -72.400  4.234 0.5000000000
15188  -39.991  -73.683  3.433 0.4000000060
15133  -40.978  -76.192  2.435 0.5000000000
15132  -42.158  -77.433  2.331 0.6000000238
15076  -43.119  -79.486  1.226 0.3000000119
15242  -39.536  -70.744  3.676 0.3000000119
15134  -40.034  -74.796  2.323 0.5000000000
15078  -41.449  -76.975  1.199 0.6000000238
15077  -42.289  -78.188  1.171 0.5000000000
15189  -39.348  -72.051  2.956 0.4000000060
15190  -39.144  -70.333  2.451 0.4000000060
15136  -39.200  -71.537  1.545 0.4000000060
15135  -39.457  -73.267  2.022 0.5000000000
15080  -39.764  -74.132  1.042 0.5000000000
15079  -40.442  -75.609  1.189 0.4000000060
15081  -39.512  -72.542  0.596 0.5000000000
15024  -40.443  -75.039  -0.258 0.4000000060
15025  -40.062  -73.440  -0.471 0.4000000060
23217  -40.761  -72.735  -1.855 0.3000000119
23272  -41.319  -73.614  -2.894 0.3000000119
15286  -46.813  -79.071  6.506 0.1000000015
15235  -46.169  -79.582  5.019 0.4000000060
15290  -44.138  -74.570  5.704 0.5000000000
15184  -44.589  -78.759  3.374 0.5000000000
15185  -43.422  -77.620  3.510 0.6000000238
15344  -40.678  -69.432  4.887 0.4000000060
15345  -39.993  -67.779  4.497 0.2000000030
15294  -39.702  -69.260  4.122 0.3000000119
15243  -39.229  -68.960  3.073 0.3000000119
15295  -39.404  -67.424  3.530 0.3000000119
15191  -39.249  -68.400  1.820 0.3000000119
15137  -39.286  -69.720  1.054 0.3000000119
15082  -39.440  -70.860  0.070 0.3000000119
15026  -40.002  -71.918  -0.836 0.3000000119
15027  -40.196  -70.295  -1.184 0.2000000030
23216  -40.903  -71.250  -2.035 0.3000000119
15028  -40.642  -68.585  -1.568 0.1000000015
23215  -41.149  -69.515  -2.345 0.2000000030
23213  -42.739  -66.612  -2.521 0.1000000015
15236  -45.982  -78.472  4.565 0.5000000000
15289  -45.419  -75.653  5.689 0.4000000060
15237  -44.992  -77.385  4.595 0.4000000060
15342  -42.969  -72.021  5.663 0.5000000000
15341  -44.292  -72.985  6.009 0.4000000060
15393  -41.769  -69.521  5.542 0.4000000060
15394  -40.839  -68.063  5.262 0.3000000119
15346  -39.759  -65.989  3.948 0.1000000015
15244  -39.349  -66.960  2.397 0.3000000119
15296  -39.695  -65.508  2.930 0.2000000030
15192  -39.696  -66.457  1.123 0.2000000030
15138  -39.662  -67.797  0.436 0.2000000030
15083  -39.780  -69.127  -0.398 0.2000000030
15085  -41.384  -65.786  -1.054 0.1000000015
15084  -40.406  -67.332  -0.742 0.1000000015
23214  -41.770  -67.923  -2.465 0.1000000015
15029  -41.488  -67.006  -1.708 0.1000000015
23212  -43.903  -65.605  -2.713 0.1000000015
15287  -47.219  -77.882  5.985 0.3000000119
15338  -47.795  -76.270  6.984 0.3000000119
15288  -46.627  -76.806  5.765 0.3000000119
15339  -46.984  -75.099  6.666 0.3000000119
15340  -45.691  -74.038  6.284 0.4000000060
15392  -42.900  -70.712  5.803 0.4000000060
15442  -41.790  -68.394  6.006 0.4000000060
15441  -42.807  -69.647  6.326 0.4000000060
15490  -41.940  -67.375  6.430 0.3000000119
15443  -41.105  -66.881  5.626 0.3000000119
15395  -40.296  -66.379  4.841 0.2000000030
15396  -40.487  -64.729  4.455 0.1000000015
15347  -40.350  -64.264  3.524 0.1000000015
15245  -39.958  -65.142  1.804 0.2000000030
15193  -40.648  -64.770  0.598 0.1000000015
15139  -40.400  -66.014  -0.039 0.1000000015
15140  -41.529  -64.589  -0.429 0.1000000015
15030  -42.549  -65.721  -1.873 0.1000000015
15086  -42.683  -64.543  -1.332 0.1000000015
15031  -43.861  -64.748  -2.159 0.1000000015
23211  -45.185  -65.004  -2.985 0.1000000015
23265  -46.337  -65.276  -3.828 0.1000000015
23264  -47.939  -65.059  -4.113 0.1000000015
15337  -47.875  -77.368  7.451 0.2000000030
15388  -47.990  -74.647  7.759 0.3000000119
15389  -46.968  -73.628  7.184 0.3000000119
15440  -44.046  -70.662  6.646 0.3000000119
15391  -44.200  -71.775  6.199 0.4000000060
15390  -45.603  -72.666  6.630 0.4000000060
15489  -42.863  -68.596  6.819 0.3000000119
15444  -40.950  -65.265  5.255 0.2000000030
15445  -41.454  -63.789  4.833 0.1000000015
15397  -41.425  -63.256  4.000 0.1000000015
15297  -40.627  -63.844  2.450 0.1000000015
15246  -41.172  -63.639  1.307 0.2000000030
15194  -42.003  -63.531  0.238 0.1000000015
15141  -43.001  -63.516  -0.707 0.1000000015
23210  -46.693  -64.756  -3.323 0.1000000015
23317  -48.619  -64.757  -4.710 0.1000000015
15386  -48.125  -76.778  8.993 0.2000000030
15387  -48.423  -75.749  8.323 0.2000000030
15436  -48.326  -74.271  9.060 0.2000000030
15488  -43.958  -69.572  7.232 0.3000000119
15439  -45.365  -71.509  7.055 0.3000000119
15438  -46.661  -72.332  7.589 0.3000000119
15536  -42.921  -67.588  7.259 0.3000000119
15535  -43.843  -68.647  7.649 0.3000000119
15437  -47.701  -73.225  8.331 0.2000000030
15537  -42.295  -66.330  6.947 0.3000000119
15491  -41.519  -65.838  6.058 0.3000000119
15492  -41.762  -64.295  5.579 0.2000000030
15446  -42.523  -62.571  4.359 0.1000000015
15494  -43.771  -61.984  4.612 0.1000000015
15495  -45.224  -61.149  4.188 0.1000000015
15447  -43.929  -61.537  3.815 0.1000000015
15448  -45.545  -60.771  3.284 0.1000000015
15496  -46.765  -60.509  3.781 0.1000000015
15398  -42.759  -62.098  3.472 0.1000000015
15399  -44.264  -61.097  2.865 0.1000000015
15449  -47.165  -60.243  2.791 0.1000000015
15348  -41.566  -62.827  3.030 0.1000000015
15087  -44.205  -63.737  -1.617 0.1000000015
15032  -45.386  -64.242  -2.452 0.1000000015
23209  -48.244  -64.504  -3.517 0.1000000015
15530  -46.751  -73.069  10.159 0.2000000030
15531  -46.232  -72.176  9.527 0.2000000030
15484  -47.507  -73.044  9.288 0.2000000030
15487  -45.179  -70.437  7.597 0.3000000119
15486  -46.176  -71.260  8.113 0.3000000119
15534  -44.821  -69.556  8.136 0.3000000119
15581  -43.723  -67.755  8.298 0.2000000030
15582  -43.079  -66.605  7.836 0.2000000030
15538  -42.164  -64.895  6.476 0.2000000030
15539  -42.713  -63.552  5.951 0.2000000030
15493  -42.543  -62.970  5.090 0.1000000015
15349  -43.101  -61.684  2.433 0.1000000015
15400  -45.976  -60.496  2.249 0.1000000015
15298  -42.041  -62.547  1.924 0.1000000015
15350  -44.838  -60.835  1.808 0.1000000015
15299  -43.758  -61.548  1.310 0.1000000015
15300  -45.559  -60.819  0.798 0.1000000015
15247  -42.727  -62.517  0.833 0.1000000015
15248  -44.531  -61.734  0.284 0.1000000015
15195  -43.671  -62.660  -0.195 0.1000000015
15142  -44.730  -62.900  -1.164 0.1000000015
15033  -47.026  -63.988  -2.808 0.1000000015
15576  -45.371  -72.353  10.350 0.3000000119
15485  -46.903  -72.118  8.656 0.2000000030
15532  -45.781  -71.284  9.125 0.3000000119
15533  -45.356  -70.439  8.632 0.3000000119
15580  -44.284  -68.792  8.733 0.3000000119
15579  -44.496  -69.765  9.084 0.3000000119
15626  -43.425  -66.735  8.914 0.2000000030
15583  -42.798  -65.363  7.361 0.3000000119
15196  -45.450  -62.116  -0.682 0.1000000015
15088  -45.905  -63.366  -2.044 0.1000000015
15620  -44.590  -72.283  11.273 0.1000000015
15621  -44.248  -71.615  10.621 0.2000000030
15577  -45.020  -71.490  9.876 0.3000000119
15578  -44.678  -70.599  9.495 0.3000000119
15624  -43.510  -68.897  9.555 0.3000000119
15625  -43.472  -67.823  9.329 0.2000000030
15627  -43.418  -65.681  8.351 0.2000000030
15670  -43.327  -65.840  9.337 0.1000000015
15628  -43.586  -64.685  7.829 0.3000000119
15622  -43.880  -70.747  10.192 0.3000000119
15623  -43.575  -69.885  9.830 0.3000000119
15668  -42.650  -67.890  9.895 0.2000000030
15669  -42.924  -66.830  9.726 0.1000000015
15671  -43.860  -64.954  8.834 0.1000000015
15665  -43.134  -70.692  10.910 0.3000000119
15666  -42.798  -69.819  10.541 0.3000000119
15667  -42.605  -68.846  10.189 0.3000000119
15711  -42.328  -66.776  10.297 0.2000000030
15710  -42.026  -67.690  10.537 0.2000000030
15752  -41.773  -66.614  10.944 0.1000000015
15793  -41.848  -65.661  11.298 0.1000000015
15753  -42.269  -65.771  10.609 0.1000000015
15712  -42.800  -65.860  10.012 0.1000000015
15713  -43.485  -65.086  9.725 0.1000000015
15709  -41.912  -68.598  10.898 0.2000000030
15754  -42.919  -64.981  10.281 0.1000000015
15794  -42.481  -64.911  10.855 0.1000000015
15833  -42.115  -64.953  11.549 0.1000000015
15186  -42.121  -76.535  3.654 0.4000000060
15129  -44.456  -81.091  2.540 0.5000000000
15435  -48.452  -75.290  9.724 0.2000000030
15584  -43.056  -64.172  6.918 0.2000000030
15020  -42.887  -80.421  0.144 0.3000000119
15019  -43.261  -81.856  0.312 0.3000000119
23225  -41.930  -84.800  -0.873 0.2000000030
23226  -40.771  -85.828  -0.814 0.2000000030
15018  -43.035  -83.305  0.468 0.3000000119
23223  -42.822  -81.513  -0.911 0.4000000060
23224  -42.707  -83.152  -0.845 0.3000000119
23279  -41.797  -84.449  -2.211 0.3000000119
23222  -42.448  -80.132  -1.080 0.4000000060
23221  -41.933  -78.972  -1.199 0.4000000060
23278  -42.313  -82.780  -2.023 0.3000000119
23277  -42.429  -81.144  -1.990 0.4000000060
23276  -42.103  -79.865  -2.217 0.4000000060
23275  -41.696  -78.613  -2.302 0.4000000060
23331  -41.823  -82.378  -3.163 0.2000000030
23329  -41.640  -79.473  -3.166 0.4000000060
23330  -41.831  -80.878  -3.033 0.2000000030
23383  -41.335  -82.169  -4.233 0.3000000119
23274  -41.367  -77.059  -2.519 0.3000000119
23273  -41.292  -75.390  -2.789 0.3000000119
23328  -41.519  -77.966  -3.315 0.2000000030
23382  -41.276  -80.705  -4.044 0.1000000015
23327  -41.517  -76.348  -3.637 0.2000000030
23381  -41.246  -79.022  -4.165 0.1000000015
23380  -41.473  -77.307  -4.291 0.1000000015
23433  -41.143  -80.308  -5.232 0.1000000015
23434  -41.209  -81.947  -5.340 0.1000000015
23326  -41.594  -74.569  -3.700 0.2000000030
23485  -40.969  -83.297  -6.615 0.1000000015
23379  -41.807  -75.594  -4.435 0.1000000015
23432  -41.294  -78.524  -5.153 0.1000000015
23484  -41.403  -81.551  -6.559 0.1000000015
23271  -41.500  -72.061  -3.002 0.1000000015
23325  -41.841  -72.947  -3.726 0.1000000015
23378  -42.108  -73.935  -4.375 0.1000000015
23430  -42.319  -74.890  -5.134 0.1000000015
15128  -44.172  -82.273  2.910 0.3000000119
15074  -43.763  -82.054  1.624 0.2000000030
15073  -43.172  -83.329  1.930 0.2000000030
15072  -41.784  -84.172  2.014 0.1000000015
15017  -42.037  -84.561  0.548 0.1000000015
15016  -40.758  -85.243  0.530 0.1000000015
15075  -43.633  -80.772  1.401 0.3000000119
15015  -39.173  -85.323  0.567 0.1000000015
23227  -39.405  -86.026  -0.607 0.1000000015
23280  -40.763  -85.764  -2.314 0.1000000015
23281  -39.491  -86.387  -1.963 0.1000000015
23282  -37.972  -86.285  -1.890 0.1000000015
23334  -39.526  -86.719  -3.365 0.1000000015
23333  -40.638  -85.544  -3.558 0.1000000015
23386  -39.618  -86.703  -4.715 0.1000000015
23385  -40.259  -85.223  -4.723 0.2000000030
23332  -41.381  -83.935  -3.384 0.2000000030
23384  -40.929  -83.655  -4.529 0.1000000015
15182  -45.126  -81.114  3.928 0.2000000030
15529  -47.140  -73.833  11.039 0.2000000030
15434  -48.012  -76.125  10.271 0.1000000015
15483  -47.847  -74.030  10.054 0.1000000015
15575  -45.921  -73.041  11.145 0.2000000030
15708  -42.099  -69.563  11.208 0.1000000015
15707  -42.442  -70.412  11.646 0.1000000015
15664  -43.434  -71.380  11.379 0.1000000015
15663  -43.749  -71.875  12.042 0.1000000015
15706  -42.568  -71.007  12.203 0.1000000015
15705  -42.897  -71.669  12.852 0.1000000015
15662  -44.362  -72.493  12.802 0.1000000015
15747  -41.581  -70.865  13.202 0.1000000015
15749  -41.430  -69.281  12.093 0.1000000015
15748  -41.464  -70.124  12.636 0.1000000015
15750  -41.347  -68.356  11.653 0.1000000015
15788  -40.527  -69.920  13.881 0.1000000015
15789  -40.654  -69.050  13.254 0.1000000015
15585  -43.871  -63.094  6.459 0.1000000015
15751  -41.457  -67.450  11.282 0.1000000015
15629  -44.195  -63.764  7.370 0.1000000015
15586  -45.072  -62.359  6.097 0.1000000015
15540  -43.745  -62.445  5.456 0.1000000015
23270  -41.747  -70.516  -3.130 0.1000000015
15180  -42.933  -82.930  4.610 0.1000000015
15232  -42.756  -82.241  5.714 0.1000000015
15233  -44.305  -81.848  5.799 0.1000000015
15231  -41.108  -81.932  5.317 0.1000000015
15520  -38.195  -78.495  13.209 0.1000000015
15521  -38.637  -77.402  12.750 0.1000000015
15427  -37.509  -77.647  9.854 0.1000000015
15378  -36.546  -78.325  8.647 0.1000000015
15379  -37.802  -78.084  8.219 0.1000000015
15181  -44.417  -82.199  4.345 0.1000000015
15329  -36.601  -78.773  7.041 0.1000000015
15330  -38.044  -78.912  6.888 0.1000000015
15282  -41.268  -80.778  6.356 0.1000000015
15127  -43.096  -83.210  3.315 0.1000000015
15280  -38.059  -79.804  5.712 0.1000000015
15230  -39.600  -81.427  4.874 0.1000000015
15283  -42.850  -81.138  6.727 0.1000000015
15278  -35.263  -79.449  5.898 0.1000000015
15281  -39.650  -80.282  5.978 0.1000000015
15474  -37.593  -77.806  11.543 0.1000000015
15331  -39.610  -79.274  7.034 0.1000000015
15522  -39.479  -76.622  12.187 0.1000000015
15567  -39.837  -77.193  13.789 0.1000000015
15475  -38.472  -76.986  11.081 0.1000000015
15380  -39.314  -78.109  8.119 0.1000000015
15332  -41.232  -79.618  7.275 0.1000000015
15568  -40.674  -76.486  13.294 0.1000000015
15284  -44.465  -80.902  6.885 0.1000000015
15428  -38.802  -77.283  9.404 0.1000000015
15333  -42.924  -79.891  7.708 0.1000000015
15381  -40.951  -78.364  8.174 0.1000000015
15334  -44.527  -79.749  8.038 0.1000000015
15476  -39.707  -76.593  10.578 0.1000000015
15382  -42.575  -78.588  8.595 0.1000000015
15429  -40.365  -77.209  9.233 0.1000000015
15335  -45.977  -79.146  8.111 0.1000000015
15383  -44.234  -78.612  9.095 0.1000000015
15523  -40.656  -76.223  11.744 0.1000000015
15430  -42.017  -77.391  9.348 0.1000000015
15384  -45.740  -78.275  9.371 0.1000000015
15656  -42.118  -76.445  15.817 0.1000000015
15613  -41.924  -76.358  14.348 0.1000000015
15612  -41.028  -76.961  14.842 0.1000000015
15279  -36.654  -79.421  5.722 0.1000000015
23590  -30.358  -92.408  -8.448 0.1000000015
23542  -29.983  -91.885  -7.382 0.1000000015
23683  -30.570  -92.716  -10.938 0.1000000015
23636  -32.176  -91.685  -9.964 0.1000000015
23682  -31.962  -91.207  -10.905 0.1000000015
23727  -31.836  -90.829  -12.142 0.1000000015
23541  -31.807  -91.073  -7.944 0.1000000015
23492  -31.260  -90.268  -7.101 0.1000000015
23589  -32.131  -91.626  -8.918 0.1000000015
23637  -30.620  -92.692  -9.657 0.1000000015
23681  -33.666  -89.655  -10.883 0.1000000015
23726  -33.739  -89.481  -12.431 0.1000000015
23338  -32.433  -87.163  -4.448 0.1000000015
23391  -30.526  -88.646  -5.420 0.1000000015
23442  -30.794  -89.396  -6.325 0.1000000015
23390  -32.628  -87.890  -5.732 0.1000000015
23493  -29.510  -91.259  -6.411 0.1000000015
23337  -34.481  -86.769  -4.090 0.1000000015
23284  -34.412  -85.875  -2.852 0.1000000015
23441  -32.984  -88.779  -6.731 0.1000000015
23635  -33.935  -90.307  -9.873 0.1000000015
23540  -33.913  -90.640  -8.195 0.1000000015
23491  -33.523  -89.759  -7.478 0.1000000015
23490  -35.575  -89.661  -7.483 0.1000000015
23539  -35.819  -90.053  -8.350 0.1000000015
23440  -35.066  -88.798  -6.592 0.1000000015
