#!ascii label  , from subject 32k_fs_LR vox2ras=TkReg
979
23915  -8.569  -101.440  3.630 0.6999999881
23873  -9.920  -102.047  2.631 0.6000000238
23830  -11.848  -102.474  2.135 0.3000000119
23872  -11.398  -102.246  0.831 0.5000000000
23786  -13.882  -102.355  1.843 0.3000000119
23828  -15.252  -101.835  -0.734 0.4000000060
23870  -15.469  -102.100  -2.186 0.4000000060
23827  -17.277  -101.642  -2.159 0.6000000238
23154  -7.798  -101.218  5.627 0.8000000119
23155  -7.839  -100.540  4.814 0.8000000119
23955  -8.906  -100.677  2.792 0.8000000119
23914  -9.798  -101.477  1.549 0.6999999881
23913  -11.371  -101.802  -0.453 0.6000000238
23954  -10.347  -100.805  0.576 0.8000000119
23871  -13.259  -102.187  -0.748 0.4000000060
23829  -13.381  -102.406  0.697 0.3000000119
23953  -12.062  -101.206  -1.572 0.8999999762
23912  -13.662  -102.036  -2.141 0.6999999881
23952  -14.043  -101.747  -3.478 0.8999999762
23911  -15.720  -102.111  -3.708 0.8000000119
23869  -17.456  -101.776  -3.649 0.6999999881
24775  -7.459  -99.444  5.978 1.0000000000
23156  -8.662  -99.830  4.165 0.8000000119
23157  -9.923  -99.142  3.545 1.0000000000
23785  -15.351  -101.783  0.546 0.3000000119
23951  -15.939  -101.538  -5.142 0.8999999762
23910  -17.533  -101.365  -5.192 0.8000000119
23868  -18.992  -100.882  -5.068 0.6999999881
23950  -17.545  -100.470  -6.693 0.8000000119
23909  -18.893  -100.126  -6.673 0.8000000119
24830  -6.526  -98.898  7.539 1.0000000000
24881  -8.166  -96.393  7.304 1.0000000000
24829  -7.263  -98.338  6.870 0.8999999762
24774  -8.448  -98.939  5.359 1.0000000000
24773  -9.829  -98.360  4.822 0.8999999762
24772  -11.267  -97.519  4.270 1.0000000000
23994  -9.936  -99.879  2.075 0.8999999762
23158  -11.409  -98.306  3.009 1.0000000000
23993  -11.388  -100.019  -0.185 1.0000000000
23992  -13.023  -100.439  -2.241 1.0000000000
23991  -14.584  -100.789  -4.211 0.8999999762
23990  -16.094  -100.300  -6.224 0.8999999762
23867  -20.423  -99.958  -6.538 0.5000000000
23824  -21.830  -99.603  -6.530 0.6000000238
23949  -18.432  -99.371  -8.378 0.8000000119
23908  -20.049  -99.415  -8.412 0.6000000238
23948  -19.272  -99.266  -10.550 0.6999999881
23989  -17.187  -99.453  -8.105 1.0000000000
23988  -17.759  -99.059  -10.204 1.0000000000
24882  -7.101  -97.001  7.649 1.0000000000
24880  -9.395  -95.850  6.732 1.0000000000
24828  -8.197  -97.745  6.411 1.0000000000
24827  -9.539  -97.164  5.868 1.0000000000
24826  -10.914  -96.348  5.177 1.0000000000
23866  -21.449  -99.501  -8.417 0.6000000238
23865  -22.046  -99.027  -10.438 0.6999999881
23907  -20.828  -99.436  -10.506 0.6999999881
23906  -21.487  -99.141  -12.414 0.5000000000
23947  -20.049  -99.418  -12.558 0.6000000238
23987  -18.360  -99.106  -12.341 0.8000000119
24933  -7.745  -94.912  7.923 1.0000000000
25037  -4.468  -93.496  11.321 0.8999999762
24987  -4.995  -94.980  10.736 1.0000000000
24986  -5.565  -94.382  9.561 1.0000000000
24985  -6.249  -93.995  8.687 1.0000000000
24932  -8.977  -94.497  7.433 1.0000000000
24879  -10.626  -95.325  6.068 1.0000000000
25036  -4.785  -93.010  9.755 1.0000000000
25035  -5.357  -92.722  8.630 1.0000000000
24032  -11.284  -99.063  1.564 1.0000000000
24384  -7.387  -93.704  -8.693 1.0000000000
24031  -12.800  -99.086  -0.556 1.0000000000
24383  -7.475  -93.743  -9.685 1.0000000000
24356  -7.998  -94.334  -9.114 1.0000000000
24328  -8.756  -94.764  -8.739 1.0000000000
24030  -14.430  -99.416  -2.677 1.0000000000
24355  -8.306  -94.179  -9.780 0.8999999762
24327  -8.739  -94.820  -9.624 0.6999999881
24326  -9.351  -94.315  -10.228 0.6999999881
24298  -9.460  -95.337  -9.292 0.8999999762
24029  -15.642  -99.407  -4.929 1.0000000000
24297  -9.705  -95.154  -10.331 0.8000000119
24268  -10.637  -95.819  -8.964 1.0000000000
24028  -16.682  -98.894  -7.232 1.0000000000
24267  -10.350  -95.966  -10.286 1.0000000000
24027  -17.112  -98.543  -9.630 1.0000000000
24296  -10.459  -94.466  -10.912 0.6000000238
24266  -10.643  -95.513  -11.157 0.6999999881
24235  -11.293  -96.419  -11.372 1.0000000000
23986  -19.133  -99.206  -14.110 0.5000000000
23946  -20.833  -99.174  -14.121 0.6000000238
24026  -17.051  -98.614  -11.824 0.8000000119
24934  -6.819  -95.349  8.295 1.0000000000
24984  -7.184  -93.608  8.081 1.0000000000
24825  -12.198  -95.414  4.363 1.0000000000
24771  -12.698  -96.399  3.526 1.0000000000
23159  -12.939  -97.253  2.415 1.0000000000
23168  -7.809  -93.544  -7.152 1.0000000000
24357  -8.283  -94.179  -8.179 1.0000000000
24069  -12.859  -98.043  1.057 1.0000000000
24410  -6.646  -92.968  -9.220 1.0000000000
24068  -14.517  -97.924  -1.115 1.0000000000
24067  -15.881  -97.981  -3.448 1.0000000000
24409  -7.138  -92.900  -10.283 0.8999999762
24354  -9.165  -93.631  -10.048 0.5000000000
24299  -9.849  -95.101  -8.129 1.0000000000
24066  -16.758  -97.814  -6.041 1.0000000000
24325  -10.500  -93.619  -10.264 0.5000000000
24065  -17.053  -97.754  -8.594 1.0000000000
24237  -12.103  -95.815  -8.606 1.0000000000
24236  -11.462  -96.461  -10.074 1.0000000000
23985  -20.226  -98.823  -15.378 0.5000000000
24025  -17.526  -98.688  -13.703 0.6999999881
24024  -18.325  -98.653  -15.013 0.6000000238
25087  -3.606  -92.334  13.542 0.4000000060
24983  -8.268  -93.089  7.621 1.0000000000
25086  -3.613  -91.808  11.528 0.6999999881
23169  -6.735  -93.012  -7.489 0.8999999762
23167  -9.088  -93.701  -6.726 1.0000000000
24329  -9.476  -94.368  -7.608 1.0000000000
24105  -14.445  -96.897  0.173 1.0000000000
24104  -16.003  -96.669  -2.260 1.0000000000
24382  -8.148  -93.454  -10.133 0.6999999881
24353  -10.385  -92.865  -9.691 0.3000000119
24269  -11.447  -95.054  -7.615 1.0000000000
24103  -16.921  -96.563  -4.831 1.0000000000
24102  -17.002  -96.630  -7.473 1.0000000000
24204  -12.807  -96.536  -9.721 1.0000000000
24064  -16.603  -98.036  -10.882 1.0000000000
24203  -12.227  -96.979  -11.265 0.8999999762
24063  -16.301  -98.200  -12.830 1.0000000000
24062  -16.668  -98.284  -14.360 0.8000000119
24023  -19.351  -98.115  -15.990 0.6000000238
24061  -17.346  -97.990  -15.335 0.6000000238
24935  -5.913  -95.857  8.838 1.0000000000
25038  -4.352  -93.946  12.844 0.3000000119
25034  -6.365  -92.400  7.911 1.0000000000
24931  -10.270  -93.977  6.941 1.0000000000
25085  -3.908  -91.314  9.587 1.0000000000
24878  -11.809  -94.537  5.279 1.0000000000
24763  -9.172  -93.017  -5.467 1.0000000000
24770  -13.970  -95.200  2.376 1.0000000000
23170  -5.834  -92.205  -7.983 0.8999999762
24762  -7.596  -92.808  -5.919 1.0000000000
24300  -11.013  -94.360  -6.844 1.0000000000
24381  -9.146  -92.769  -9.957 0.4000000060
24270  -12.744  -93.956  -6.258 1.0000000000
24238  -13.120  -94.782  -7.141 1.0000000000
24205  -13.718  -95.549  -8.110 1.0000000000
24101  -16.272  -97.145  -9.786 1.0000000000
24100  -15.605  -97.609  -11.733 1.0000000000
24135  -14.367  -97.417  -12.452 1.0000000000
24099  -15.462  -97.810  -13.392 0.8000000119
24060  -18.307  -97.296  -15.783 0.5000000000
25033  -7.455  -91.874  7.439 1.0000000000
24982  -9.436  -92.659  7.249 1.0000000000
25084  -4.748  -91.194  8.385 1.0000000000
24930  -11.486  -93.355  6.212 1.0000000000
24824  -13.305  -94.391  3.309 1.0000000000
24761  -6.481  -92.202  -6.205 0.8999999762
24817  -9.041  -92.098  -4.203 1.0000000000
23160  -14.329  -96.000  1.373 1.0000000000
24816  -7.637  -91.768  -4.764 1.0000000000
23166  -10.673  -93.565  -6.131 1.0000000000
24140  -15.745  -95.697  -1.118 1.0000000000
24139  -16.799  -95.476  -3.705 1.0000000000
24408  -8.149  -92.481  -10.553 0.4000000060
24206  -14.833  -94.528  -6.359 1.0000000000
24138  -16.677  -95.603  -6.423 1.0000000000
24172  -15.342  -95.369  -7.500 1.0000000000
24171  -14.398  -96.317  -9.224 1.0000000000
24136  -14.939  -96.987  -10.521 1.0000000000
24098  -15.885  -97.591  -14.515 0.6000000238
24097  -16.556  -97.189  -14.874 0.5000000000
25032  -8.660  -91.373  7.147 1.0000000000
24981  -10.808  -92.194  6.596 1.0000000000
25083  -5.738  -90.985  7.769 1.0000000000
24877  -12.788  -93.645  4.269 1.0000000000
24818  -10.787  -92.005  -3.818 1.0000000000
24435  -5.997  -92.046  -9.993 0.8999999762
23161  -15.456  -94.705  -0.082 1.0000000000
24870  -9.283  -90.818  -3.327 1.0000000000
23165  -12.429  -93.213  -5.494 1.0000000000
24434  -6.978  -91.806  -11.047 0.5000000000
24239  -14.537  -93.565  -5.444 1.0000000000
24174  -16.342  -94.505  -2.671 1.0000000000
24173  -16.200  -94.690  -5.251 1.0000000000
24137  -15.880  -96.211  -8.637 1.0000000000
24170  -13.469  -97.102  -11.073 1.0000000000
24202  -12.360  -96.631  -12.624 0.8999999762
24134  -14.550  -97.242  -13.748 0.8999999762
25031  -10.024  -90.941  6.915 1.0000000000
25082  -6.854  -90.643  7.467 1.0000000000
25134  -3.309  -89.975  11.898 0.6000000238
24980  -12.005  -91.638  5.836 1.0000000000
24929  -12.524  -92.607  5.291 1.0000000000
24764  -10.775  -92.828  -4.974 1.0000000000
24876  -13.611  -92.736  3.019 1.0000000000
24823  -14.258  -93.466  1.946 1.0000000000
24760  -5.500  -91.347  -6.593 0.8999999762
23171  -5.195  -91.214  -8.676 0.8000000119
24769  -15.032  -94.003  1.000 1.0000000000
23162  -15.872  -93.564  -1.599 1.0000000000
23164  -14.318  -92.802  -4.521 1.0000000000
24207  -15.764  -93.765  -4.202 1.0000000000
24169  -13.246  -97.233  -12.783 1.0000000000
24201  -13.104  -95.847  -13.059 0.8000000119
24133  -15.154  -96.840  -14.198 0.6000000238
25135  -3.391  -90.484  13.904 0.2000000030
25081  -8.083  -90.303  7.423 1.0000000000
25133  -3.486  -89.495  10.084 0.6999999881
25132  -4.156  -89.176  8.970 1.0000000000
25131  -5.142  -89.012  8.557 1.0000000000
24815  -6.564  -91.195  -4.981 1.0000000000
24768  -15.439  -93.039  -0.550 1.0000000000
24871  -10.670  -90.931  -2.848 1.0000000000
23163  -15.536  -92.892  -3.201 1.0000000000
24168  -13.744  -96.684  -13.649 0.8999999762
25030  -11.434  -90.584  6.411 1.0000000000
25182  -3.781  -88.568  14.296 0.4000000060
25080  -9.427  -89.868  7.353 1.0000000000
24979  -12.937  -91.041  4.737 1.0000000000
24928  -13.253  -91.885  4.064 1.0000000000
24822  -14.801  -92.651  0.465 1.0000000000
24869  -8.177  -90.440  -3.748 1.0000000000
24923  -11.017  -89.808  -1.898 1.0000000000
24765  -12.370  -92.471  -4.457 1.0000000000
24459  -5.726  -91.040  -10.487 0.5000000000
24767  -15.199  -92.436  -2.197 1.0000000000
24766  -14.079  -92.242  -3.552 1.0000000000
25181  -3.578  -88.127  12.622 0.4000000060
25029  -12.558  -90.113  5.440 1.0000000000
25180  -3.486  -87.644  11.142 0.6000000238
25179  -4.027  -87.201  10.134 0.8000000119
25178  -4.959  -87.180  9.772 1.0000000000
25129  -7.638  -88.976  8.241 1.0000000000
25130  -6.312  -89.087  8.428 1.0000000000
24927  -13.769  -91.259  2.666 1.0000000000
24872  -12.338  -90.959  -2.236 1.0000000000
24819  -12.509  -91.802  -3.224 1.0000000000
24873  -13.646  -91.058  -1.119 1.0000000000
24875  -14.144  -91.998  1.617 1.0000000000
24820  -13.882  -91.726  -2.413 1.0000000000
24821  -14.756  -91.995  -1.123 1.0000000000
24433  -8.329  -91.139  -11.129 0.3000000119
25227  -4.214  -86.323  13.324 0.4000000060
25079  -10.849  -89.451  7.000 1.0000000000
25226  -4.015  -85.793  12.198 0.5000000000
25128  -8.973  -88.759  7.936 1.0000000000
24978  -13.494  -90.493  3.471 1.0000000000
24874  -14.298  -91.462  0.182 1.0000000000
24759  -4.900  -90.499  -6.668 0.6999999881
24924  -12.267  -89.995  -1.339 1.0000000000
24922  -10.006  -89.484  -2.371 1.0000000000
24458  -7.005  -90.670  -11.494 0.5000000000
25224  -5.211  -85.503  10.918 0.6999999881
25223  -6.257  -85.884  10.665 0.8000000119
25225  -4.345  -85.378  11.399 0.8000000119
25078  -12.109  -89.099  6.227 1.0000000000
25177  -6.087  -87.378  9.593 1.0000000000
25127  -10.215  -88.454  7.561 1.0000000000
25028  -13.250  -89.660  4.320 1.0000000000
25027  -13.529  -89.147  2.985 1.0000000000
24977  -13.596  -89.959  2.124 1.0000000000
24926  -13.871  -90.738  1.217 1.0000000000
24814  -5.557  -90.608  -4.886 1.0000000000
24868  -7.064  -90.012  -3.681 1.0000000000
24976  -13.259  -89.452  0.615 1.0000000000
24925  -13.355  -90.296  -0.241 1.0000000000
23172  -4.891  -90.073  -8.763 0.6999999881
24921  -8.871  -88.986  -2.763 1.0000000000
24974  -11.571  -88.689  -0.935 1.0000000000
24975  -12.444  -89.099  -0.283 1.0000000000
25176  -7.321  -87.495  9.506 1.0000000000
25175  -8.549  -87.536  9.138 1.0000000000
25126  -11.487  -88.135  7.037 1.0000000000
25077  -12.951  -88.779  5.246 1.0000000000
25026  -13.324  -88.587  1.711 1.0000000000
24482  -5.721  -90.045  -10.647 0.5000000000
24481  -7.503  -89.550  -11.726 0.3000000119
24457  -8.755  -89.910  -11.624 0.2000000030
25268  -6.442  -84.147  11.611 0.8999999762
25222  -7.364  -86.132  10.621 1.0000000000
25267  -7.471  -84.539  11.520 1.0000000000
25221  -8.471  -86.243  10.408 1.0000000000
25269  -5.476  -83.676  11.875 0.8000000119
25174  -9.879  -87.378  8.709 1.0000000000
25076  -13.367  -88.280  4.100 1.0000000000
24973  -10.653  -88.134  -1.573 1.0000000000
25025  -12.780  -88.147  0.890 1.0000000000
24456  -10.636  -88.819  -11.203 0.1000000015
25270  -4.685  -83.442  12.573 0.6000000238
25220  -9.733  -86.192  10.061 1.0000000000
25173  -11.151  -87.218  8.178 1.0000000000
25125  -12.490  -87.879  6.147 1.0000000000
24813  -4.867  -89.705  -4.782 1.0000000000
25124  -13.082  -87.511  5.151 1.0000000000
25075  -13.375  -87.775  3.052 1.0000000000
23173  -4.756  -89.052  -8.612 0.5000000000
24867  -5.978  -89.399  -3.378 1.0000000000
25024  -12.038  -87.610  -0.063 1.0000000000
24480  -9.421  -88.585  -12.127 0.1000000015
25266  -8.693  -84.733  11.470 1.0000000000
25265  -9.851  -84.779  11.141 1.0000000000
25271  -4.463  -83.848  13.364 0.6000000238
25219  -11.024  -86.153  9.553 1.0000000000
25172  -12.236  -86.995  7.308 1.0000000000
24920  -7.687  -88.525  -2.610 1.0000000000
24972  -9.451  -87.569  -1.960 1.0000000000
25023  -11.008  -86.968  -0.769 1.0000000000
25074  -12.998  -87.277  1.934 1.0000000000
24504  -6.205  -88.902  -10.470 0.4000000060
25264  -11.140  -84.944  10.665 1.0000000000
25311  -7.664  -82.634  11.921 0.8999999762
25312  -6.681  -82.398  11.984 0.8999999762
25313  -5.549  -81.978  12.142 0.8999999762
25218  -12.287  -86.083  8.563 1.0000000000
24758  -4.476  -89.390  -6.355 0.8000000119
24866  -5.182  -88.282  -3.307 1.0000000000
24919  -6.537  -87.850  -2.238 1.0000000000
25171  -13.002  -86.603  6.125 1.0000000000
24971  -8.123  -87.148  -1.640 1.0000000000
25123  -13.300  -86.978  4.037 1.0000000000
25073  -12.267  -86.604  0.947 1.0000000000
25122  -13.100  -86.380  2.885 1.0000000000
25170  -13.369  -86.085  4.835 1.0000000000
24503  -8.177  -88.232  -11.613 0.1000000015
25309  -10.080  -83.339  11.971 1.0000000000
25308  -11.432  -83.722  11.487 1.0000000000
25310  -8.816  -82.998  12.027 1.0000000000
25307  -12.665  -83.995  10.495 1.0000000000
25315  -4.524  -81.994  14.034 0.4000000060
25263  -12.426  -85.111  9.756 1.0000000000
25314  -4.634  -81.623  12.875 0.6999999881
25262  -13.416  -84.950  8.240 1.0000000000
25217  -13.187  -85.814  7.216 1.0000000000
25022  -9.862  -86.337  -1.092 1.0000000000
25352  -10.278  -81.919  12.279 1.0000000000
25351  -11.676  -82.428  11.962 1.0000000000
25350  -12.963  -82.746  11.011 1.0000000000
24812  -4.194  -88.239  -4.679 0.8000000119
24757  -4.059  -88.076  -6.550 0.8000000119
24970  -7.024  -86.516  -1.237 1.0000000000
25021  -8.465  -85.932  -0.737 1.0000000000
25072  -11.202  -85.939  0.116 1.0000000000
25121  -12.455  -85.633  1.846 1.0000000000
23174  -5.097  -87.933  -8.693 0.6000000238
24525  -7.069  -87.868  -10.049 0.2000000030
25353  -8.893  -81.264  12.038 1.0000000000
25354  -7.779  -80.854  11.975 1.0000000000
25356  -5.462  -80.315  12.191 0.8999999762
25355  -6.640  -80.485  12.009 0.8999999762
25216  -13.560  -85.345  5.771 1.0000000000
24918  -5.686  -86.906  -2.140 1.0000000000
25071  -10.089  -85.332  -0.182 1.0000000000
25120  -11.531  -84.906  1.000 1.0000000000
25169  -13.211  -85.536  3.627 1.0000000000
25358  -4.324  -80.333  14.230 0.6999999881
25357  -4.510  -80.137  12.932 0.8000000119
25306  -13.618  -83.920  9.011 1.0000000000
25261  -13.842  -84.478  6.727 1.0000000000
25168  -12.793  -84.713  2.458 1.0000000000
25215  -13.521  -84.749  4.359 1.0000000000
24865  -4.434  -86.981  -3.240 1.0000000000
24811  -3.716  -86.806  -4.789 0.8000000119
24756  -4.252  -86.788  -6.854 0.6000000238
23175  -5.919  -87.021  -8.342 0.2000000030
25394  -10.636  -80.533  12.391 1.0000000000
25393  -12.072  -81.143  12.087 1.0000000000
25395  -9.214  -79.825  12.223 1.0000000000
25349  -13.839  -82.803  9.589 1.0000000000
25070  -8.738  -84.797  0.184 1.0000000000
25020  -7.345  -85.219  -0.263 1.0000000000
25396  -7.926  -79.205  12.084 1.0000000000
25397  -6.533  -78.769  11.995 1.0000000000
25392  -13.278  -81.578  11.149 1.0000000000
25398  -5.165  -78.527  12.076 0.8999999762
25399  -4.175  -78.425  12.694 0.8000000119
25167  -11.778  -83.957  1.794 1.0000000000
25260  -13.777  -83.915  5.204 1.0000000000
25119  -10.295  -84.257  0.800 1.0000000000
25214  -13.053  -83.914  3.271 1.0000000000
24969  -6.094  -85.544  -1.056 1.0000000000
24864  -3.903  -85.659  -3.133 0.8000000119
24917  -4.889  -85.681  -1.885 0.8999999762
24755  -5.119  -85.827  -6.644 0.3000000119
25400  -3.816  -78.557  13.958 0.6999999881
25305  -14.067  -83.617  7.414 1.0000000000
25166  -10.465  -83.297  1.704 1.0000000000
25213  -12.026  -83.140  2.570 1.0000000000
25259  -13.190  -83.202  4.014 1.0000000000
24810  -3.801  -85.517  -5.070 0.8000000119
25118  -8.952  -83.700  1.144 1.0000000000
25435  -10.917  -79.231  12.467 1.0000000000
25434  -12.384  -79.897  12.127 1.0000000000
25441  -3.405  -76.705  13.475 0.6999999881
25433  -13.584  -80.451  11.179 1.0000000000
25391  -14.130  -81.776  9.783 1.0000000000
25348  -14.211  -82.730  7.914 1.0000000000
25304  -13.972  -83.182  5.779 1.0000000000
25019  -6.299  -84.233  0.068 1.0000000000
25069  -7.549  -84.035  0.679 1.0000000000
25436  -9.503  -78.504  12.324 0.8999999762
25437  -8.133  -77.748  12.112 1.0000000000
25442  -3.658  -76.939  14.836 0.2000000030
25438  -6.604  -77.034  11.890 1.0000000000
25439  -5.033  -76.632  11.812 0.8000000119
25440  -3.923  -76.614  12.304 0.8000000119
25347  -14.127  -82.284  6.084 1.0000000000
25303  -13.336  -82.458  4.474 1.0000000000
24916  -4.146  -84.396  -1.740 0.8999999762
24863  -3.728  -84.261  -3.359 0.8000000119
24968  -5.042  -84.351  -0.719 1.0000000000
25522  -3.574  -73.760  15.754 0.1000000015
25482  -3.162  -75.080  14.508 0.1000000015
25481  -3.219  -74.685  13.056 0.5000000000
25432  -14.534  -80.760  9.862 1.0000000000
25390  -14.543  -81.732  8.164 1.0000000000
24915  -3.834  -83.122  -1.891 0.8999999762
24967  -4.222  -83.127  -0.340 0.8999999762
25258  -12.208  -82.424  3.292 1.0000000000
25068  -6.412  -83.123  1.097 1.0000000000
25212  -10.680  -82.381  2.483 1.0000000000
24809  -4.526  -84.409  -5.001 0.4000000060
25389  -14.524  -81.336  6.521 1.0000000000
25117  -7.724  -82.949  1.628 1.0000000000
25018  -5.170  -83.163  0.474 1.0000000000
24862  -4.289  -83.176  -3.640 0.5000000000
25477  -8.407  -76.296  12.480 1.0000000000
25476  -9.942  -77.128  12.802 1.0000000000
25521  -3.241  -73.117  14.158 0.1000000015
25475  -11.525  -77.890  12.864 1.0000000000
25479  -5.304  -74.843  11.753 0.8000000119
25478  -6.840  -75.428  12.079 1.0000000000
25480  -4.005  -74.601  12.004 0.6000000238
25474  -12.979  -78.669  12.352 1.0000000000
25473  -14.177  -79.372  11.320 1.0000000000
25431  -15.074  -80.871  8.337 1.0000000000
25346  -13.522  -81.612  4.732 1.0000000000
24808  -5.854  -83.549  -4.726 0.2000000030
25560  -4.080  -72.139  15.481 0.1000000015
25520  -3.509  -72.600  12.685 0.4000000060
25388  -14.052  -80.778  5.074 1.0000000000
24966  -3.852  -81.850  -0.485 0.8999999762
25017  -4.259  -82.021  0.798 0.8999999762
25067  -5.166  -82.093  1.534 0.8999999762
25116  -6.406  -82.043  2.011 1.0000000000
25164  -7.795  -81.860  2.274 1.0000000000
25211  -9.348  -81.578  2.649 1.0000000000
25257  -10.942  -81.450  3.052 1.0000000000
25302  -12.362  -81.558  3.693 1.0000000000
25165  -9.112  -82.605  2.016 1.0000000000
24914  -4.125  -81.898  -2.227 0.6000000238
25519  -4.387  -72.648  11.732 0.8000000119
25115  -5.173  -80.901  2.389 1.0000000000
25163  -6.464  -80.805  2.631 1.0000000000
25210  -7.975  -80.579  2.827 1.0000000000
25345  -12.611  -80.644  4.006 1.0000000000
25559  -3.957  -71.178  13.838 0.2000000030
25518  -5.833  -73.139  11.697 0.8999999762
25016  -3.804  -80.665  0.744 0.8000000119
25066  -4.281  -80.838  1.785 0.8999999762
25256  -9.622  -80.398  3.052 1.0000000000
25301  -11.192  -80.475  3.434 1.0000000000
25517  -7.555  -73.841  12.257 0.8999999762
25514  -12.285  -76.478  12.959 1.0000000000
25472  -15.034  -79.773  10.041 1.0000000000
25344  -11.686  -79.486  3.699 1.0000000000
25430  -15.103  -80.639  6.676 1.0000000000
25255  -8.514  -79.304  3.282 1.0000000000
25300  -10.157  -79.267  3.420 1.0000000000
25387  -13.197  -79.713  4.305 1.0000000000
24965  -4.023  -80.553  -0.940 0.4000000060
25516  -9.181  -74.724  12.765 0.8999999762
25558  -4.240  -70.653  12.156 0.6000000238
25515  -10.739  -75.585  13.138 0.8999999762
25513  -13.715  -77.383  12.274 1.0000000000
25429  -14.510  -79.964  5.180 1.0000000000
25471  -15.564  -79.958  8.449 1.0000000000
25114  -4.435  -79.492  2.622 0.8000000119
25162  -5.484  -79.570  3.040 0.8999999762
25209  -6.925  -79.440  3.153 0.8999999762
25469  -15.027  -79.143  5.081 1.0000000000
25015  -3.989  -79.211  0.232 0.3000000119
25343  -10.892  -78.300  3.635 1.0000000000
25512  -14.800  -78.199  11.235 1.0000000000
25065  -3.883  -79.325  1.648 0.6999999881
25254  -7.509  -78.172  3.648 0.8999999762
25299  -9.188  -78.171  3.630 1.0000000000
25470  -15.622  -79.860  6.634 1.0000000000
25511  -15.595  -78.716  9.876 1.0000000000
25550  -15.582  -76.958  10.809 1.0000000000
25386  -12.506  -78.549  3.909 1.0000000000
25428  -13.792  -78.873  4.299 1.0000000000
25510  -16.092  -79.012  8.345 1.0000000000
25549  -16.352  -77.556  9.573 1.0000000000
25509  -16.206  -78.918  6.599 1.0000000000
25342  -10.181  -77.108  3.663 1.0000000000
25385  -11.883  -77.307  3.698 1.0000000000
25427  -13.240  -77.682  3.940 1.0000000000
25468  -14.508  -78.058  4.339 1.0000000000
25508  -15.957  -78.311  5.230 1.0000000000
25548  -16.859  -77.885  8.073 1.0000000000
25547  -17.148  -77.923  6.472 1.0000000000
25585  -18.045  -76.724  7.492 1.0000000000
25621  -19.232  -75.620  7.011 1.0000000000
25507  -15.734  -77.317  4.262 1.0000000000
25546  -17.105  -77.550  5.118 1.0000000000
25584  -18.487  -76.852  6.148 1.0000000000
25620  -19.783  -75.744  5.909 1.0000000000
25655  -21.002  -74.501  5.811 1.0000000000
25689  -22.362  -73.033  5.790 1.0000000000
25583  -18.631  -76.748  4.906 1.0000000000
25654  -21.530  -74.378  4.826 1.0000000000
25688  -22.960  -72.811  4.883 1.0000000000
25545  -17.224  -76.800  4.001 1.0000000000
25619  -20.173  -75.636  4.852 1.0000000000
25554  -10.354  -73.279  12.358 0.8999999762
25553  -11.810  -74.166  12.632 0.8999999762
25552  -13.271  -75.123  12.423 0.8999999762
25161  -4.793  -78.094  3.418 0.8999999762
25208  -6.029  -78.162  3.666 0.8999999762
25551  -14.575  -76.141  11.756 1.0000000000
25113  -4.000  -77.916  2.653 0.6999999881
25298  -8.345  -76.930  3.848 1.0000000000
25586  -17.395  -76.411  8.906 1.0000000000
25622  -18.567  -75.263  8.146 1.0000000000
25426  -12.885  -76.474  3.590 1.0000000000
25467  -14.342  -76.899  3.849 1.0000000000
25656  -20.397  -74.344  6.721 0.8999999762
25690  -21.587  -72.945  6.708 0.8999999762
25506  -15.767  -76.318  3.590 1.0000000000
25544  -17.507  -75.791  3.197 1.0000000000
25582  -18.904  -76.093  3.757 1.0000000000
25618  -20.518  -75.100  3.748 1.0000000000
25581  -19.238  -75.088  2.901 1.0000000000
25653  -21.921  -73.859  3.827 1.0000000000
25687  -23.442  -72.303  4.031 1.0000000000
25557  -5.354  -70.853  11.042 0.8000000119
25556  -7.066  -71.634  11.207 0.8999999762
25555  -8.790  -72.422  11.811 0.8999999762
25589  -14.345  -73.843  11.611 1.0000000000
25588  -15.539  -74.830  11.060 1.0000000000
25207  -5.139  -76.654  4.101 0.8999999762
25253  -6.577  -76.837  4.127 0.8999999762
25623  -17.690  -74.574  9.310 1.0000000000
25624  -16.589  -73.719  10.130 1.0000000000
25658  -18.715  -73.303  8.648 1.0000000000
25657  -19.660  -73.958  7.731 1.0000000000
25341  -9.301  -75.826  3.643 1.0000000000
25384  -11.164  -76.127  3.506 1.0000000000
25691  -20.745  -72.541  7.560 0.8999999762
25425  -12.566  -75.264  3.224 1.0000000000
25466  -14.201  -75.747  3.337 1.0000000000
25722  -23.455  -71.330  6.176 0.8999999762
25505  -15.846  -75.227  3.053 1.0000000000
25543  -17.613  -74.630  2.629 1.0000000000
25617  -20.656  -74.239  2.886 1.0000000000
25580  -19.361  -73.896  2.282 1.0000000000
25652  -22.131  -73.004  2.930 1.0000000000
25595  -5.888  -69.108  11.216 0.5000000000
25592  -10.235  -71.387  11.032 0.8999999762
25591  -11.605  -72.151  11.382 0.8999999762
25590  -12.980  -72.917  11.685 1.0000000000
25111  -4.251  -74.926  1.383 0.4000000060
25159  -4.044  -74.814  2.886 0.5000000000
25627  -12.884  -71.166  10.249 1.0000000000
25112  -3.851  -76.285  2.132 0.5000000000
25160  -4.189  -76.434  3.431 0.8999999762
25626  -14.121  -71.902  10.488 1.0000000000
25625  -15.348  -72.723  10.540 1.0000000000
25297  -7.507  -75.532  4.099 1.0000000000
25659  -17.560  -72.455  9.205 1.0000000000
25692  -19.788  -71.899  8.175 0.6999999881
25723  -22.626  -71.430  6.937 0.8000000119
25063  -4.433  -76.516  0.636 0.3000000119
25465  -14.002  -74.589  2.943 1.0000000000
25504  -15.751  -74.077  2.604 1.0000000000
25542  -17.747  -73.407  2.112 1.0000000000
25616  -20.930  -72.979  2.219 1.0000000000
25651  -22.845  -71.726  2.424 1.0000000000
25594  -7.029  -69.596  10.146 0.5000000000
25593  -8.674  -70.535  10.505 0.8999999762
25628  -11.571  -70.449  9.895 0.8999999762
25206  -4.581  -75.024  4.057 0.8999999762
25660  -16.375  -71.569  9.399 0.8999999762
25694  -17.509  -70.330  8.354 0.8000000119
25383  -10.582  -74.801  3.288 1.0000000000
25693  -18.617  -71.096  8.511 0.6999999881
25724  -21.717  -71.098  7.614 0.6999999881
25424  -12.045  -73.938  2.880 1.0000000000
25464  -13.666  -73.350  2.576 1.0000000000
25721  -24.161  -71.005  5.333 0.8999999762
25503  -15.726  -72.819  2.184 1.0000000000
25541  -17.937  -72.131  1.662 1.0000000000
25579  -19.637  -72.613  1.789 1.0000000000
25686  -23.915  -71.452  3.346 1.0000000000
25720  -24.806  -70.291  4.587 0.8999999762
25615  -21.505  -71.634  1.781 1.0000000000
25630  -8.752  -68.619  9.401 0.6999999881
25629  -10.217  -69.654  9.521 0.8000000119
25662  -14.109  -70.331  8.781 1.0000000000
25252  -5.846  -75.311  4.437 0.8999999762
25661  -15.240  -70.889  9.185 1.0000000000
25695  -16.495  -69.818  7.869 0.6999999881
25340  -8.670  -74.377  3.713 1.0000000000
25727  -18.646  -69.332  8.011 0.6999999881
25726  -19.619  -69.872  8.349 0.6999999881
25725  -20.708  -70.557  8.143 0.6999999881
25756  -22.540  -69.477  7.937 0.6000000238
25757  -21.547  -69.016  8.325 0.6000000238
25755  -23.508  -69.613  7.414 0.6999999881
25754  -24.343  -69.417  6.740 0.6999999881
25463  -13.440  -72.014  2.346 1.0000000000
25753  -25.067  -68.903  5.986 0.8000000119
25502  -15.717  -71.427  1.822 1.0000000000
25578  -19.987  -71.291  1.410 1.0000000000
25650  -23.338  -70.325  1.977 1.0000000000
25685  -24.538  -70.149  2.807 0.8999999762
25719  -25.367  -69.318  3.950 0.8999999762
25699  -12.291  -67.635  9.522 0.1000000015
25698  -13.169  -67.910  8.126 0.2000000030
25664  -11.612  -68.665  8.409 0.6000000238
25663  -12.967  -69.545  8.381 0.6999999881
25158  -4.149  -73.455  2.069 0.5000000000
25205  -4.299  -73.390  3.530 0.5000000000
25251  -5.251  -73.647  4.304 0.6999999881
25296  -6.840  -74.005  4.210 0.6999999881
25696  -15.411  -69.337  7.450 0.8000000119
25728  -17.762  -68.930  7.514 0.6000000238
25382  -10.029  -73.347  3.180 1.0000000000
25423  -11.621  -72.577  2.666 0.8999999762
25758  -20.585  -68.623  8.443 0.6000000238
25787  -23.076  -67.694  8.187 0.5000000000
25462  -13.361  -70.589  2.132 1.0000000000
25540  -18.206  -70.757  1.310 1.0000000000
25614  -22.010  -70.172  1.395 1.0000000000
25752  -25.687  -68.120  5.330 0.8000000119
25577  -20.380  -69.888  1.096 1.0000000000
25613  -22.413  -68.641  1.046 1.0000000000
25649  -23.977  -68.754  1.568 1.0000000000
25684  -25.182  -68.578  2.451 0.8999999762
25718  -25.881  -67.903  3.571 0.8999999762
25539  -18.480  -69.388  0.973 1.0000000000
25751  -26.245  -66.986  4.834 0.8000000119
25666  -9.750  -67.743  10.735 0.1000000015
25665  -10.503  -67.926  9.130 0.3000000119
25697  -14.224  -68.626  7.371 0.6999999881
25339  -8.026  -72.824  3.797 0.8999999762
25381  -9.515  -71.871  3.126 0.8999999762
25759  -19.769  -68.370  8.140 0.6000000238
25422  -11.263  -71.148  2.624 1.0000000000
25786  -24.011  -67.706  7.854 0.5000000000
25501  -15.910  -70.034  1.478 1.0000000000
25784  -25.517  -66.694  6.590 0.6000000238
25500  -16.155  -68.694  1.207 1.0000000000
25538  -18.728  -68.040  0.752 1.0000000000
25576  -20.711  -68.449  0.839 1.0000000000
25683  -25.547  -66.983  2.046 1.0000000000
25631  -7.784  -68.183  10.642 0.3000000119
25730  -15.613  -67.986  7.642 0.4000000060
25204  -4.264  -71.901  2.866 0.4000000060
25250  -4.773  -71.912  3.993 0.6999999881
25295  -6.177  -72.309  4.245 0.8000000119
25338  -7.491  -71.202  3.799 0.8999999762
25421  -11.064  -69.716  2.633 1.0000000000
25461  -13.469  -69.229  2.018 1.0000000000
25499  -16.497  -67.394  0.886 1.0000000000
25575  -21.071  -66.900  0.567 1.0000000000
25612  -22.824  -67.075  0.703 1.0000000000
25648  -24.323  -67.179  1.193 1.0000000000
25717  -26.246  -66.480  3.193 0.8000000119
25750  -26.662  -65.619  4.415 0.8000000119
25380  -9.177  -70.349  3.172 1.0000000000
25420  -11.133  -68.351  2.584 1.0000000000
25460  -13.698  -67.882  1.660 1.0000000000
25782  -26.586  -64.622  5.667 0.6000000238
25459  -14.131  -66.733  1.290 1.0000000000
25537  -19.121  -66.595  0.593 1.0000000000
25682  -25.689  -65.392  1.715 0.8999999762
25498  -16.954  -66.154  0.635 0.8999999762
25611  -23.246  -65.465  0.446 1.0000000000
25647  -24.614  -65.568  0.800 0.8999999762
25574  -21.551  -65.282  0.345 1.0000000000
25294  -5.783  -70.666  3.923 0.8000000119
25157  -4.730  -72.287  1.316 0.2000000030
25379  -9.008  -68.788  3.191 1.0000000000
25646  -24.735  -63.756  0.887 0.8999999762
25536  -19.644  -65.075  0.411 0.8999999762
25203  -4.744  -70.542  1.907 0.3000000119
25337  -7.204  -69.621  3.678 0.8000000119
25378  -9.131  -67.597  3.056 0.8000000119
25419  -11.446  -67.175  2.318 0.6999999881
25418  -12.064  -66.154  1.962 0.8000000119
25458  -14.755  -65.650  0.942 0.8000000119
25497  -17.614  -64.774  0.354 0.8999999762
25573  -21.886  -63.646  0.134 1.0000000000
25610  -23.438  -63.755  0.393 0.8999999762
25535  -20.164  -63.449  0.056 1.0000000000
25249  -4.827  -70.372  3.132 0.4000000060
25293  -5.734  -69.157  3.354 0.6000000238
25336  -7.116  -68.133  3.362 0.6999999881
25377  -9.545  -66.519  2.776 0.6999999881
106  -20.643  -61.815  -0.232 0.8000000119
25248  -5.201  -69.118  2.338 0.3000000119
25335  -7.540  -66.927  3.032 0.6999999881
25376  -10.350  -65.490  2.344 0.6999999881
25417  -12.773  -64.998  1.500 0.6999999881
25457  -15.502  -64.363  0.556 0.6999999881
25496  -18.336  -63.189  -0.021 0.6999999881
107  -19.017  -61.610  -0.337 0.6999999881
25292  -6.038  -67.780  2.773 0.6000000238
25291  -6.680  -66.644  2.374 0.5000000000
25334  -8.198  -65.949  2.671 0.4000000060
25375  -11.120  -64.380  1.755 0.6000000238
25416  -13.642  -63.814  0.829 0.6000000238
25456  -16.284  -62.927  0.106 0.6999999881
108  -17.269  -61.322  -0.373 0.5000000000
1567  -20.757  -60.160  -0.513 0.5000000000
25247  -5.806  -67.865  1.684 0.6000000238
25290  -7.553  -65.608  2.092 0.2000000030
25333  -9.002  -64.875  2.320 0.5000000000
25289  -8.339  -64.302  1.717 0.1000000015
25332  -9.893  -63.563  1.835 0.3000000119
25374  -11.982  -63.008  0.948 0.5000000000
25415  -14.448  -62.379  0.278 0.5000000000
109  -15.423  -60.773  -0.264 0.5000000000
1584  -19.257  -59.971  -0.711 0.4000000060
1615  -15.934  -59.164  -0.805 0.3000000119
1600  -17.671  -59.648  -0.819 0.4000000060
1585  -19.378  -58.271  -1.309 0.2000000030
25288  -9.200  -62.896  1.280 0.1000000015
25331  -10.728  -62.136  0.973 0.4000000060
25373  -12.731  -61.523  0.430 0.4000000060
110  -13.739  -59.939  -0.103 0.4000000060
1601  -17.882  -58.074  -1.471 0.2000000030
25243  -9.089  -62.687  0.284 0.1000000015
25287  -9.905  -61.423  0.567 0.1000000015
25330  -11.427  -60.512  0.425 0.4000000060
1629  -14.227  -58.359  -0.760 0.2000000030
1616  -16.215  -57.665  -1.593 0.2000000030
1630  -14.535  -56.847  -1.678 0.2000000030
1617  -16.494  -55.944  -2.561 0.2000000030
1631  -14.926  -55.103  -2.701 0.2000000030
1643  -13.283  -55.821  -1.870 0.1000000015
1644  -13.757  -53.939  -2.966 0.1000000015
23740  -17.286  -100.912  0.496 0.3000000119
25244  -8.257  -64.091  0.768 0.1000000015
25587  -16.620  -75.773  10.152 1.0000000000
25729  -16.775  -68.523  7.292 0.6000000238
25760  -18.896  -68.217  7.861 0.6000000238
25783  -26.106  -65.755  6.090 0.6999999881
25716  -26.463  -65.121  2.751 0.8000000119
105  -22.160  -62.000  -0.070 0.6999999881
25246  -6.592  -66.637  1.303 0.1000000015
25245  -7.491  -65.454  1.124 0.1000000015
1568  -20.670  -58.471  -1.065 0.2000000030
1655  -12.493  -54.936  -2.559 0.1000000015
23826  -18.986  -101.110  -3.542 0.3000000119
23782  -20.344  -100.243  -3.331 0.4000000060
24776  -6.979  -100.032  6.924 0.6999999881
23784  -17.190  -101.156  -0.759 0.3000000119
23825  -20.450  -100.306  -4.857 0.4000000060
24777  -7.288  -100.445  7.569 0.6000000238
24831  -6.445  -99.333  8.514 0.6999999881
24883  -6.220  -97.691  8.018 0.6999999881
24884  -5.848  -98.275  9.080 0.6000000238
24936  -5.228  -96.633  9.807 0.8000000119
24234  -11.760  -95.718  -12.216 0.6000000238
25064  -3.920  -77.782  1.238 0.4000000060
25762  -16.942  -67.844  8.610 0.1000000015
25761  -17.918  -68.018  8.024 0.2000000030
25731  -14.715  -67.718  8.829 0.2000000030
25790  -20.752  -67.167  8.378 0.3000000119
25789  -21.433  -67.129  8.473 0.4000000060
25788  -22.172  -67.437  8.519 0.3000000119
25791  -19.846  -67.191  8.361 0.1000000015
25820  -21.277  -65.746  8.710 0.1000000015
25819  -21.844  -65.622  8.694 0.2000000030
25818  -22.504  -65.788  8.674 0.3000000119
25785  -24.894  -67.344  7.261 0.4000000060
25848  -21.771  -64.150  9.020 0.1000000015
25817  -23.322  -65.886  8.428 0.2000000030
25816  -24.220  -65.720  8.096 0.3000000119
25847  -22.471  -64.250  8.793 0.2000000030
25815  -24.941  -65.271  7.632 0.4000000060
25846  -23.201  -64.162  8.564 0.2000000030
25845  -23.843  -63.829  8.284 0.2000000030
25873  -23.163  -62.105  8.365 0.1000000015
25844  -24.557  -63.330  7.998 0.2000000030
25814  -25.605  -64.482  7.264 0.2000000030
25813  -26.016  -63.448  6.867 0.1000000015
25749  -26.835  -64.250  3.898 0.6000000238
25681  -25.763  -63.678  1.637 0.8000000119
25843  -24.964  -62.393  7.726 0.1000000015
25812  -26.194  -62.305  6.426 0.2000000030
25781  -26.777  -63.286  5.234 0.4000000060
25202  -5.392  -69.471  1.207 0.1000000015
25715  -26.466  -63.446  2.549 0.5000000000
25748  -26.771  -62.771  3.604 0.5000000000
102  -25.605  -61.954  1.559 0.6000000238
104  -23.495  -62.082  0.276 0.6000000238
25780  -26.663  -61.961  4.896 0.3000000119
100  -26.528  -61.290  3.315 0.4000000060
101  -26.265  -61.821  2.369 0.3000000119
103  -24.659  -62.006  0.865 0.4000000060
1530  -23.235  -60.336  0.003 0.5000000000
1489  -25.051  -60.140  1.407 0.3000000119
1549  -22.108  -60.269  -0.314 0.6000000238
25874  -22.617  -62.581  8.580 0.2000000030
25842  -25.139  -61.407  7.338 0.1000000015
99  -26.259  -60.630  4.473 0.4000000060
1467  -25.528  -59.910  2.239 0.3000000119
1510  -24.217  -60.280  0.643 0.4000000060
23874  -8.866  -101.986  4.605 0.4000000060
24937  -5.452  -96.967  11.030 0.4000000060
24988  -4.857  -95.519  11.987 0.4000000060
24989  -5.646  -95.301  12.707 0.3000000119
25039  -4.880  -93.938  14.002 0.2000000030
24265  -11.444  -94.729  -11.523 0.4000000060
24295  -11.605  -93.729  -10.593 0.4000000060
24324  -11.820  -92.897  -9.600 0.2000000030
24832  -7.132  -99.289  9.087 0.2000000030
24885  -6.249  -98.286  10.174 0.2000000030
24167  -14.661  -96.032  -13.615 0.4000000060
23780  -23.060  -98.941  -6.628 0.3000000119
23823  -22.662  -99.100  -8.477 0.3000000119
24233  -12.688  -94.816  -12.296 0.3000000119
24200  -14.183  -95.185  -12.599 0.3000000119
24232  -14.040  -94.100  -11.490 0.3000000119
24264  -12.691  -93.793  -11.147 0.3000000119
25228  -4.414  -86.679  14.755 0.2000000030
25272  -4.745  -84.397  14.362 0.2000000030
24407  -9.263  -91.440  -9.998 0.2000000030
25273  -4.903  -84.829  15.563 0.2000000030
25317  -4.977  -83.088  16.335 0.1000000015
25316  -4.905  -82.507  15.086 0.1000000015
25360  -5.133  -81.312  16.954 0.1000000015
25359  -4.975  -80.688  15.599 0.1000000015
25402  -5.117  -79.275  17.009 0.1000000015
25401  -4.428  -78.756  15.380 0.2000000030
24754  -6.508  -85.186  -5.895 0.1000000015
24861  -5.418  -82.286  -3.552 0.2000000030
24964  -4.922  -79.397  -0.974 0.1000000015
24913  -5.154  -80.937  -2.207 0.1000000015
25014  -4.709  -77.916  -0.165 0.2000000030
1420  -25.328  -59.039  4.067 0.1000000015
1444  -25.629  -59.555  3.091 0.1000000015
1490  -24.305  -58.247  1.153 0.1000000015
1445  -24.626  -57.710  2.826 0.1000000015
1468  -24.615  -58.016  1.987 0.1000000015
1511  -23.708  -58.390  0.338 0.1000000015
1531  -22.863  -58.491  -0.335 0.2000000030
23778  -23.621  -97.285  -9.568 0.3000000119
23821  -23.227  -97.397  -11.793 0.3000000119
23864  -22.458  -98.358  -12.215 0.3000000119
23822  -22.902  -98.177  -10.132 0.3000000119
23905  -22.310  -98.611  -14.091 0.4000000060
23945  -21.869  -98.333  -15.440 0.4000000060
23777  -24.168  -96.555  -11.062 0.2000000030
24022  -20.229  -96.733  -16.166 0.3000000119
23984  -21.209  -97.705  -16.178 0.4000000060
24096  -17.794  -96.614  -14.632 0.2000000030
24059  -19.624  -95.941  -15.283 0.1000000015
111  -12.399  -58.902  -0.117 0.2000000030
23153  -8.143  -101.623  6.486 0.2000000030
23832  -9.503  -102.095  5.522 0.2000000030
23789  -10.336  -101.834  6.457 0.2000000030
23831  -10.437  -102.150  3.677 0.2000000030
23788  -11.003  -101.904  4.654 0.2000000030
23787  -12.426  -102.189  3.129 0.2000000030
23742  -14.576  -102.026  2.799 0.2000000030
23697  -15.194  -101.397  3.735 0.1000000015
23650  -16.941  -100.808  3.411 0.1000000015
23741  -15.902  -101.824  1.647 0.2000000030
23696  -16.555  -101.512  2.596 0.1000000015
23603  -17.278  -99.861  4.122 0.1000000015
23649  -18.032  -100.632  2.414 0.1000000015
23695  -17.706  -100.897  1.570 0.1000000015
23554  -18.693  -98.992  3.720 0.1000000015
23602  -18.377  -99.938  3.059 0.1000000015
23601  -19.486  -99.888  2.197 0.1000000015
23694  -18.973  -100.152  0.489 0.2000000030
23739  -18.734  -100.328  -0.690 0.2000000030
23648  -19.269  -100.157  1.440 0.1000000015
23783  -18.866  -100.842  -2.066 0.3000000119
25875  -22.082  -62.837  8.967 0.1000000015
25872  -23.498  -61.480  8.063 0.1000000015
24778  -8.074  -100.595  8.144 0.2000000030
24132  -16.107  -96.456  -13.875 0.2000000030
24322  -14.758  -91.333  -7.805 0.1000000015
24323  -13.203  -92.172  -8.607 0.2000000030
24294  -13.034  -92.947  -9.752 0.2000000030
24263  -14.195  -93.083  -10.190 0.2000000030
24199  -15.574  -94.744  -11.444 0.2000000030
24166  -15.832  -95.690  -12.623 0.2000000030
24131  -17.641  -96.148  -13.063 0.1000000015
24095  -19.528  -95.448  -13.858 0.1000000015
24545  -8.177  -86.747  -9.476 0.1000000015
23176  -7.178  -86.293  -7.613 0.1000000015
24524  -8.869  -86.809  -11.374 0.1000000015
25110  -4.949  -73.848  0.799 0.1000000015
25062  -5.307  -75.409  0.147 0.1000000015
25109  -5.854  -72.758  0.288 0.1000000015
25061  -6.199  -74.364  -0.205 0.1000000015
25060  -7.141  -73.243  -0.607 0.1000000015
25596  -5.380  -69.773  13.161 0.1000000015
25632  -7.357  -68.865  12.584 0.1000000015
1550  -21.835  -58.502  -0.776 0.1000000015
25286  -10.542  -59.725  0.083 0.1000000015
1551  -21.628  -56.783  -1.398 0.1000000015
1569  -20.583  -56.732  -1.827 0.1000000015
112  -11.413  -58.110  -0.481 0.1000000015
1552  -21.482  -54.974  -2.046 0.1000000015
1586  -19.381  -56.620  -2.099 0.1000000015
1654  -11.922  -56.543  -1.425 0.1000000015
1642  -12.843  -57.311  -0.930 0.1000000015
1602  -18.001  -56.431  -2.340 0.1000000015
1570  -20.577  -54.941  -2.547 0.1000000015
1587  -19.522  -54.799  -2.918 0.1000000015
1603  -18.288  -54.575  -3.230 0.1000000015
24231  -15.527  -93.646  -10.280 0.2000000030
23551  -22.664  -98.636  1.053 0.1000000015
23550  -23.797  -98.049  0.428 0.1000000015
23599  -22.287  -98.874  0.175 0.1000000015
23983  -21.839  -95.929  -16.406 0.1000000015
23598  -23.489  -98.337  -0.623 0.2000000030
23944  -22.613  -97.020  -16.424 0.1000000015
23904  -23.184  -97.617  -15.464 0.2000000030
23903  -24.173  -96.282  -16.127 0.1000000015
23943  -23.469  -95.197  -16.475 0.1000000015
23645  -23.202  -98.247  -1.855 0.2000000030
23646  -21.819  -98.796  -0.781 0.2000000030
23647  -20.689  -99.508  0.287 0.2000000030
23644  -24.615  -98.023  -2.980 0.1000000015
23693  -20.298  -99.463  -0.715 0.2000000030
23690  -24.585  -98.148  -4.551 0.1000000015
23689  -25.748  -97.858  -5.829 0.1000000015
23863  -23.278  -97.755  -13.845 0.2000000030
23862  -24.433  -96.863  -14.908 0.1000000015
23643  -26.020  -97.902  -4.009 0.1000000015
23691  -22.965  -98.353  -3.298 0.2000000030
23692  -21.443  -98.824  -1.911 0.2000000030
23734  -24.779  -97.598  -7.620 0.1000000015
23688  -26.049  -97.194  -6.892 0.1000000015
23733  -24.735  -96.600  -8.749 0.1000000015
23820  -24.350  -96.930  -13.191 0.1000000015
23738  -20.191  -99.853  -1.881 0.2000000030
23641  -27.289  -96.484  -6.277 0.1000000015
23781  -21.701  -99.366  -4.827 0.2000000030
23779  -23.744  -98.415  -8.221 0.2000000030
23737  -21.433  -99.101  -3.292 0.2000000030
23736  -23.002  -98.536  -4.944 0.3000000119
23735  -24.387  -98.308  -6.419 0.2000000030
23732  -25.373  -96.019  -10.175 0.1000000015
23687  -25.967  -96.183  -7.992 0.1000000015
23686  -26.775  -95.482  -9.197 0.1000000015
24432  -9.846  -89.902  -10.429 0.1000000015
25811  -26.097  -61.116  6.022 0.1000000015
24293  -14.505  -92.327  -8.732 0.1000000015
24352  -11.702  -92.021  -8.817 0.1000000015
24262  -15.747  -92.458  -8.983 0.1000000015
24380  -10.348  -91.802  -9.289 0.1000000015
25013  -5.726  -76.870  -0.519 0.1000000015
24963  -6.237  -78.365  -1.049 0.1000000015
24779  -9.122  -100.397  8.734 0.1000000015
24833  -8.242  -98.965  9.073 0.1000000015
23149  -11.903  -100.667  9.827 0.1000000015
23700  -12.232  -101.123  8.231 0.1000000015
23150  -10.909  -100.922  8.942 0.1000000015
23745  -11.273  -101.487  7.304 0.1000000015
23151  -9.901  -101.261  8.237 0.1000000015
23744  -11.895  -101.564  5.669 0.1000000015
23152  -8.963  -101.599  7.426 0.1000000015
23743  -13.139  -101.710  3.995 0.1000000015
24780  -10.196  -100.054  9.281 0.1000000015
25183  -3.769  -88.808  16.045 0.1000000015
25136  -3.623  -90.718  15.800 0.1000000015
25229  -4.336  -87.050  16.349 0.1000000015
