#!ascii label  , from subject 32k_fs_LR vox2ras=TkReg
1197
18776  49.165  25.424  18.852 0.8999999762
18729  51.567  24.200  18.771 0.8999999762
18730  50.562  25.216  18.279 0.8999999762
18821  47.674  25.537  19.484 0.8000000119
18777  47.777  25.904  18.012 0.8000000119
18822  46.308  25.888  18.687 0.6000000238
18823  44.740  26.027  17.957 0.6000000238
18867  43.444  26.064  18.718 0.5000000000
18868  42.219  26.495  18.377 0.4000000060
18635  53.152  24.589  16.346 0.8999999762
18683  51.900  24.876  17.525 0.8999999762
18731  49.219  25.764  17.321 0.8999999762
18869  41.199  27.263  18.488 0.3000000119
18824  43.232  26.291  17.435 0.6000000238
18684  50.648  25.640  16.766 0.8999999762
18828  39.886  29.366  18.266 0.3000000119
18732  47.654  26.086  16.486 0.6999999881
18778  46.287  26.075  17.142 0.6000000238
18871  40.763  29.237  19.452 0.3000000119
18870  40.687  28.158  18.963 0.3000000119
18827  40.070  28.395  17.814 0.3000000119
18784  39.195  29.656  17.133 0.4000000060
18779  44.733  26.349  16.518 0.6000000238
18825  41.922  26.837  17.215 0.3000000119
18826  40.801  27.531  17.399 0.3000000119
18636  51.899  25.309  15.710 0.8999999762
18637  50.666  26.058  14.961 0.8999999762
18586  54.092  24.336  15.069 0.8999999762
18685  49.189  26.144  15.819 0.6999999881
18733  46.241  26.451  15.737 0.6000000238
18780  43.110  26.798  16.255 0.5000000000
18587  53.086  25.066  14.659 0.8999999762
18739  38.569  29.989  15.989 0.3000000119
18537  53.989  24.895  13.349 0.8999999762
18686  47.564  26.580  15.020 0.6000000238
18783  39.646  28.677  16.619 0.4000000060
18781  41.647  27.317  16.171 0.4000000060
18782  40.501  27.876  16.285 0.4000000060
18595  42.049  30.510  12.338 0.4000000060
18643  41.850  29.452  13.161 0.4000000060
18644  40.470  30.052  13.277 0.4000000060
18588  51.750  25.787  13.987 0.8999999762
18691  40.447  29.181  14.165 0.4000000060
18692  39.282  29.839  14.377 0.4000000060
18589  50.511  26.549  13.283 0.8999999762
18487  53.849  25.447  11.548 0.8999999762
18638  49.105  26.627  14.179 0.6999999881
18738  39.377  29.164  15.465 0.4000000060
18486  54.467  24.395  11.791 0.8999999762
18687  46.089  27.027  14.531 0.6000000238
18734  44.656  26.948  15.318 0.5000000000
18435  54.478  24.925  10.225 0.8999999762
18434  54.500  23.671  10.553 0.8999999762
18735  43.087  27.426  15.116 0.5000000000
18544  45.120  30.552  11.396 0.6000000238
18594  43.590  30.024  12.338 0.5000000000
18538  52.899  25.613  12.919 0.8999999762
18539  51.619  26.287  12.284 0.8999999762
18639  47.491  27.162  13.603 0.6000000238
18688  44.686  27.597  14.259 0.5000000000
18737  40.376  28.426  15.188 0.4000000060
18274  52.876  24.250  7.688 0.6000000238
18382  54.341  24.157  9.232 0.8999999762
18545  43.758  31.043  11.453 0.4000000060
18489  51.739  26.956  10.820 0.8999999762
18540  50.360  27.099  11.809 0.8999999762
18488  52.943  26.237  11.213 0.8999999762
18541  49.054  27.994  11.428 0.6999999881
18590  49.075  27.337  12.700 0.6999999881
18591  47.606  28.105  12.272 0.6000000238
18436  53.971  26.054  10.095 0.8999999762
18640  46.109  27.791  13.310 0.6000000238
18641  44.815  28.454  13.232 0.6000000238
18689  43.144  28.126  14.123 0.5000000000
18690  41.733  28.656  14.074 0.5000000000
18384  54.090  26.561  8.859 0.8999999762
18383  54.477  25.436  9.038 0.8999999762
18736  41.645  27.915  15.123 0.5000000000
18329  54.081  24.740  8.168 0.8999999762
18543  46.428  29.813  11.315 0.6000000238
18542  47.732  28.923  11.273 0.6999999881
18593  44.982  29.502  12.310 0.6000000238
18592  46.293  28.882  12.248 0.6000000238
18437  53.083  26.902  9.805 0.8999999762
18642  43.365  28.942  13.165 0.5000000000
18385  53.253  27.582  8.598 0.8999999762
18275  53.533  25.432  7.113 0.8000000119
10112  52.239  24.970  6.836 0.6999999881
11513  50.665  24.992  6.859 0.4000000060
18490  50.418  27.745  10.515 0.8999999762
18491  49.214  28.721  10.310 0.8000000119
18492  47.912  29.717  10.353 0.8999999762
18493  46.597  30.625  10.414 0.8000000119
18438  51.931  27.740  9.545 0.8999999762
18331  53.985  27.139  7.701 0.8999999762
18386  52.112  28.549  8.375 0.8999999762
18387  50.899  29.423  8.237 0.8999999762
18330  54.276  25.971  7.945 0.8999999762
10111  53.018  25.970  6.114 0.6999999881
11554  52.583  26.414  5.035 0.6999999881
11534  51.649  25.760  5.799 0.6000000238
11514  50.049  25.674  5.820 0.4000000060
11493  48.451  25.541  5.913 0.4000000060
11492  49.113  24.934  6.953 0.4000000060
11470  47.638  24.773  7.096 0.4000000060
18332  53.267  28.135  7.473 0.8999999762
18277  53.708  27.516  6.510 0.8999999762
18333  52.264  29.052  7.335 0.8999999762
10110  53.486  26.886  5.628 0.8000000119
18276  53.875  26.580  6.795 0.6999999881
11535  51.180  26.173  4.855 0.4000000060
11515  49.553  26.097  4.834 0.3000000119
11555  52.244  26.778  4.186 0.6000000238
18439  50.675  28.653  9.367 0.8999999762
18440  49.364  29.562  9.260 0.8999999762
18441  48.129  30.452  9.391 0.8999999762
18442  46.666  31.168  9.457 0.8999999762
18334  51.088  29.921  7.249 0.8999999762
18335  49.815  30.632  7.309 0.8000000119
18278  53.200  28.547  6.452 0.8999999762
18336  48.455  31.372  7.237 0.8000000119
10109  53.503  27.905  5.512 0.8000000119
18279  52.366  29.518  6.299 0.8999999762
18280  51.297  30.360  6.231 0.8999999762
10108  53.073  29.026  5.391 0.8999999762
18281  50.047  30.999  6.204 0.6999999881
11573  53.161  27.322  4.732 0.8999999762
11536  50.864  26.503  3.986 0.4000000060
11494  47.842  26.093  4.952 0.2000000030
11472  46.255  26.109  5.303 0.3000000119
10107  52.423  29.928  5.267 0.8000000119
11591  53.205  28.506  4.492 0.8000000119
11516  49.176  26.580  4.040 0.3000000119
11495  47.410  26.797  4.273 0.2000000030
11574  52.848  27.717  3.805 0.6999999881
11556  52.003  27.189  3.377 0.5000000000
11537  50.605  27.073  3.257 0.5000000000
11575  52.664  28.202  2.886 0.5000000000
18388  49.546  30.253  8.232 0.8999999762
18389  48.272  30.980  8.394 0.8999999762
10106  51.427  30.753  5.168 0.6999999881
18282  48.605  31.777  6.223 0.6999999881
11608  52.903  29.492  4.321 0.8999999762
11624  52.332  30.367  4.250 0.6999999881
10105  50.203  31.533  5.234 0.6999999881
11592  53.000  28.809  3.459 0.6999999881
11517  48.851  27.287  3.379 0.3000000119
11557  51.689  27.833  2.491 0.5000000000
11576  52.383  28.829  1.878 0.5000000000
11558  51.156  28.407  1.505 0.5000000000
11639  51.358  31.308  4.367 0.6999999881
10104  48.830  32.499  5.422 0.6999999881
18283  47.071  32.685  6.332 0.6000000238
10103  47.356  33.560  5.770 0.6000000238
11609  52.776  29.915  3.397 0.6999999881
11653  50.104  32.436  4.573 0.6000000238
11496  46.974  27.486  3.723 0.2000000030
11593  52.818  29.311  2.587 0.6000000238
11538  50.110  27.841  2.444 0.3000000119
11518  48.215  28.037  2.784 0.2000000030
11577  51.942  29.223  0.813 0.5000000000
11519  47.401  28.498  2.071 0.3000000119
11640  51.175  32.165  3.678 0.6999999881
11610  52.618  30.427  2.403 0.6999999881
11625  52.175  30.919  3.498 0.6999999881
11594  52.571  29.838  1.461 0.6000000238
11539  49.368  28.472  1.656 0.4000000060
11559  50.471  28.860  0.611 0.6000000238
11626  51.999  31.664  2.507 0.6999999881
11666  48.845  33.599  5.056 0.5000000000
11654  50.043  33.437  4.050 0.6999999881
11667  48.600  34.600  4.203 0.5000000000
11678  47.309  34.584  5.244 0.5000000000
11611  52.424  30.990  1.303 0.6999999881
11595  52.271  30.241  0.356 0.6000000238
11540  48.589  28.921  0.927 0.4000000060
11578  51.384  29.676  -0.170 0.5000000000
11641  51.128  32.920  2.745 0.6999999881
11627  51.965  32.209  1.377 0.6000000238
11612  52.279  31.480  0.189 0.6000000238
11628  51.778  32.813  0.317 0.6000000238
11655  49.823  33.989  2.835 0.5000000000
11679  47.078  35.171  4.013 0.4000000060
11596  51.944  30.841  -0.715 0.5000000000
11642  50.960  33.378  1.474 0.4000000060
11668  48.308  34.724  2.804 0.4000000060
11613  52.001  32.207  -0.827 0.5000000000
11680  46.748  35.186  2.575 0.3000000119
11597  51.660  31.664  -1.653 0.4000000060
11598  51.443  32.482  -2.602 0.4000000060
11580  50.842  31.196  -2.011 0.5000000000
11581  50.535  31.952  -2.948 0.3000000119
11656  49.505  34.199  1.497 0.4000000060
11614  51.722  33.093  -1.778 0.4000000060
11669  47.955  34.828  1.408 0.3000000119
11691  45.262  35.718  2.287 0.3000000119
11582  50.209  32.288  -4.008 0.3000000119
11599  51.059  32.983  -3.568 0.3000000119
11643  50.739  33.920  0.301 0.4000000060
11629  51.474  33.572  -0.774 0.4000000060
11657  49.182  34.780  0.321 0.3000000119
11630  51.234  34.388  -1.723 0.4000000060
11615  51.366  33.873  -2.746 0.4000000060
11631  50.816  35.159  -2.782 0.4000000060
11616  50.970  34.206  -3.848 0.3000000119
11644  50.441  34.787  -0.659 0.4000000060
11681  46.365  35.511  1.230 0.3000000119
11632  50.230  35.478  -3.862 0.3000000119
11670  47.626  35.536  0.255 0.3000000119
11682  46.092  36.399  0.215 0.3000000119
11692  44.902  36.362  1.106 0.3000000119
11645  50.186  35.689  -1.634 0.3000000119
11658  48.918  35.715  -0.677 0.3000000119
11646  49.714  36.499  -2.655 0.3000000119
11659  48.617  36.867  -1.558 0.3000000119
11683  45.897  37.545  -0.477 0.3000000119
11471  46.910  25.439  6.155 0.3000000119
11579  51.040  30.299  -1.144 0.5000000000
11671  47.323  36.623  -0.593 0.3000000119
18893  50.327  7.041  8.332 0.1000000015
19019  47.001  11.394  17.844 0.1000000015
18936  48.725  8.728  11.594 0.1000000015
18894  49.485  8.505  9.998 0.1000000015
18808  50.267  9.488  8.399 0.1000000015
18980  47.837  12.418  18.527 0.1000000015
18979  47.741  11.425  16.672 0.1000000015
18938  48.499  11.391  15.301 0.1000000015
18978  47.841  10.185  14.803 0.1000000015
18937  48.504  10.081  13.392 0.1000000015
18896  49.104  11.274  13.839 0.1000000015
18895  49.142  9.954  11.869 0.1000000015
18852  49.656  9.741  10.103 0.1000000015
18764  50.690  10.593  8.429 0.1000000015
18718  51.455  10.450  6.448 0.1000000015
18671  52.128  10.427  4.368 0.1000000015
18623  52.125  10.339  2.564 0.1000000015
18898  49.385  13.548  17.577 0.1000000015
18940  48.746  13.397  19.023 0.1000000015
18939  48.613  12.579  17.297 0.1000000015
18897  49.204  12.576  15.771 0.1000000015
18810  50.416  12.098  12.325 0.1000000015
18853  49.609  11.019  12.145 0.1000000015
18809  50.058  10.843  10.312 0.1000000015
18765  50.890  11.779  10.356 0.1000000015
18719  51.509  11.513  8.417 0.1000000015
18263  44.611  12.239  5.222 0.1000000015
18672  52.113  11.361  6.271 0.1000000015
18624  52.381  11.276  4.183 0.1000000015
18575  51.867  11.200  2.695 0.1000000015
18856  50.473  14.526  17.821 0.2000000030
18855  50.153  13.624  15.911 0.1000000015
18812  51.337  14.539  16.100 0.1000000015
18854  49.866  12.311  14.129 0.1000000015
18767  52.084  14.187  14.269 0.2000000030
18811  50.848  13.337  14.216 0.1000000015
18675  54.125  14.322  12.580 0.2000000030
18722  53.629  14.894  14.464 0.2000000030
18766  51.484  12.867  12.306 0.1000000015
18721  52.818  13.571  12.430 0.2000000030
18674  53.297  13.110  10.375 0.2000000030
18720  52.079  12.447  10.387 0.2000000030
18627  54.044  13.968  10.547 0.2000000030
10123  43.760  12.966  6.113 0.1000000015
18626  53.520  12.995  8.261 0.2000000030
18673  52.546  12.224  8.257 0.2000000030
18318  46.086  12.689  4.709 0.1000000015
18317  45.582  11.526  4.455 0.1000000015
18370  46.718  10.834  3.718 0.1000000015
18625  52.806  12.177  6.175 0.1000000015
18525  50.879  11.042  2.253 0.1000000015
18474  49.548  10.799  2.226 0.1000000015
18422  47.959  10.244  2.991 0.1000000015
18423  48.523  11.450  2.908 0.1000000015
18576  52.461  12.201  4.346 0.1000000015
18813  51.815  15.457  18.017 0.1000000015
18723  54.077  16.110  16.277 0.4000000060
18768  52.759  15.335  16.299 0.3000000119
18676  54.724  15.776  14.602 0.3000000119
18628  54.692  15.428  12.899 0.3000000119
18579  53.939  14.902  10.908 0.3000000119
18376  48.917  16.713  11.670 0.2000000030
18322  47.492  16.078  10.463 0.2000000030
18479  51.536  15.111  10.093 0.3000000119
18480  51.609  16.395  12.181 0.3000000119
18428  50.150  15.662  10.975 0.3000000119
18267  46.303  15.938  9.276 0.2000000030
11279  43.423  15.050  7.092 0.1000000015
18578  53.606  13.861  8.470 0.3000000119
18375  48.776  15.089  9.699 0.3000000119
18321  47.314  14.902  8.671 0.2000000030
11248  42.944  13.791  7.050 0.1000000015
18266  45.977  15.028  7.773 0.2000000030
10122  44.255  14.142  6.346 0.1000000015
18427  50.095  14.576  8.749 0.2000000030
18374  48.547  14.188  7.757 0.2000000030
18320  46.992  14.149  7.103 0.2000000030
18264  45.127  13.333  5.508 0.1000000015
18426  49.955  13.873  6.807 0.2000000030
18373  48.267  13.545  6.227 0.2000000030
18371  47.173  12.061  3.784 0.1000000015
18424  49.136  12.432  3.654 0.1000000015
18577  53.103  13.059  6.288 0.1000000015
18526  51.584  12.070  3.278 0.1000000015
18475  50.222  11.805  2.820 0.1000000015
18769  53.042  16.409  17.920 0.4000000060
18580  54.237  16.300  12.981 0.3000000119
18531  53.149  17.161  13.300 0.3000000119
18530  52.952  15.662  11.456 0.3000000119
18429  50.397  17.489  12.747 0.3000000119
18268  46.715  17.403  10.562 0.2000000030
11280  42.707  16.009  7.683 0.1000000015
11250  41.528  15.608  8.423 0.1000000015
18529  52.882  14.646  9.156 0.3000000119
10120  45.220  16.074  8.233 0.2000000030
11309  44.103  16.176  7.544 0.1000000015
10121  44.816  15.156  7.119 0.2000000030
18265  45.628  14.215  6.487 0.2000000030
18319  46.641  13.463  5.783 0.2000000030
18477  51.273  13.604  5.728 0.2000000030
18425  49.645  13.235  5.131 0.2000000030
18372  47.811  12.920  4.820 0.2000000030
18528  52.650  13.842  6.815 0.2000000030
18527  52.164  13.048  4.935 0.1000000015
18476  50.834  12.736  4.063 0.1000000015
18629  54.992  16.813  14.547 0.3000000119
18323  48.097  18.076  11.628 0.2000000030
11338  44.767  17.184  8.386 0.2000000030
10119  45.700  17.172  9.378 0.2000000030
18814  51.641  16.605  18.971 0.3000000119
18724  54.286  17.382  17.602 0.4000000060
18677  55.031  17.110  16.125 0.4000000060
18481  51.990  18.179  13.556 0.4000000060
18377  49.593  18.918  12.521 0.4000000060
11310  43.520  17.180  7.966 0.2000000030
18210  37.694  18.242  30.806 0.1000000015
19454  36.400  17.601  30.158 0.1000000015
19453  35.263  16.866  29.522 0.1000000015
18858  50.087  16.880  19.499 0.3000000119
18581  54.483  17.784  14.389 0.5000000000
10118  46.490  18.630  9.968 0.2000000030
11339  44.316  18.234  8.528 0.2000000030
30574  39.038  18.827  31.501 0.1000000015
18211  38.910  18.688  30.315 0.1000000015
19428  37.565  18.341  29.640 0.1000000015
19427  36.299  17.798  29.017 0.1000000015
19426  35.193  17.058  28.334 0.1000000015
19425  34.202  16.012  27.641 0.1000000015
18770  52.849  17.704  18.532 0.5000000000
18982  47.094  14.740  20.822 0.1000000015
19022  45.597  14.809  20.834 0.2000000030
18983  46.252  15.837  20.355 0.2000000030
19023  44.839  15.818  20.305 0.2000000030
19061  44.137  14.810  20.756 0.1000000015
18900  49.270  15.668  20.155 0.2000000030
18942  47.861  15.765  20.455 0.2000000030
19099  42.678  14.848  20.675 0.1000000015
19136  41.301  14.930  20.695 0.1000000015
19172  39.957  15.086  20.918 0.1000000015
19241  37.539  15.496  21.639 0.1000000015
19273  37.294  14.248  22.167 0.1000000015
19305  36.298  14.301  22.721 0.1000000015
18943  47.098  16.889  19.611 0.2000000030
19062  43.361  15.885  20.218 0.2000000030
19100  41.934  16.028  20.240 0.1000000015
18630  55.298  18.253  15.582 0.5000000000
18532  53.489  18.711  14.230 0.5000000000
18430  51.108  19.400  13.194 0.5000000000
18482  52.626  19.797  13.718 0.5000000000
18324  49.178  19.916  11.408 0.5000000000
18269  47.715  19.214  10.791 0.4000000060
11366  45.517  18.330  9.053 0.2000000030
11393  46.357  19.639  9.180 0.3000000119
30601  37.918  18.468  31.953 0.1000000015
30627  36.908  17.875  32.462 0.1000000015
30518  41.385  19.997  31.925 0.1000000015
30546  40.266  19.149  31.088 0.1000000015
18209  36.587  17.657  31.302 0.1000000015
19401  38.832  19.014  29.222 0.1000000015
18212  40.221  19.265  29.882 0.1000000015
19400  37.537  18.598  28.577 0.1000000015
19399  36.308  18.022  27.896 0.1000000015
19398  35.219  17.243  27.172 0.1000000015
19397  34.425  16.139  26.533 0.1000000015
18815  51.155  18.000  18.846 0.4000000060
18901  48.620  16.908  19.731 0.3000000119
19137  40.495  16.172  20.452 0.1000000015
19173  39.151  16.364  20.731 0.1000000015
19207  38.692  15.280  21.258 0.1000000015
19274  36.560  15.564  22.267 0.1000000015
19306  35.800  15.599  23.027 0.1000000015
19337  35.095  15.516  23.829 0.1000000015
18725  54.201  18.801  18.202 0.5000000000
19208  37.922  16.581  21.156 0.1000000015
19242  36.895  16.731  21.837 0.1000000015
18678  55.204  18.454  17.021 0.6000000238
18859  49.505  18.187  18.998 0.4000000060
18984  45.592  16.891  19.626 0.2000000030
19024  44.124  16.958  19.681 0.2000000030
19063  42.621  17.138  19.740 0.2000000030
19101  41.156  17.301  19.921 0.2000000030
18902  47.986  18.125  19.000 0.2000000030
18944  46.405  18.061  18.983 0.2000000030
18985  44.913  18.130  19.108 0.3000000119
18582  54.869  19.263  15.037 0.5000000000
18533  54.039  20.229  14.330 0.6000000238
18583  54.979  20.691  15.334 0.6000000238
11367  45.132  19.352  8.805 0.3000000119
18534  54.432  21.571  14.074 0.8000000119
18483  53.421  21.116  13.259 0.6000000238
18431  52.049  20.780  12.618 0.5000000000
18378  50.630  20.390  11.979 0.5000000000
11394  45.873  20.628  8.697 0.4000000060
11419  47.212  20.794  8.704 0.4000000060
10116  48.552  21.055  8.966 0.4000000060
11444  48.077  21.903  8.211 0.4000000060
10115  49.517  21.949  8.242 0.4000000060
18272  51.051  22.147  8.577 0.4000000060
10114  50.473  22.959  8.015 0.4000000060
18273  52.038  23.134  8.172 0.5000000000
10113  51.361  24.013  7.613 0.5000000000
30517  41.543  19.666  30.847 0.1000000015
18213  41.541  19.971  29.816 0.1000000015
19373  40.120  19.780  29.015 0.1000000015
19372  38.745  19.382  28.347 0.1000000015
19371  37.427  18.917  27.605 0.1000000015
19370  36.247  18.318  26.903 0.1000000015
19369  35.316  17.475  26.154 0.1000000015
19340  36.264  18.710  26.106 0.1000000015
19368  34.700  16.433  25.467 0.1000000015
19396  34.026  15.123  25.789 0.1000000015
19367  34.465  15.311  24.762 0.1000000015
19307  35.576  16.805  23.576 0.1000000015
19338  35.112  16.659  24.470 0.1000000015
19275  36.181  16.775  22.625 0.1000000015
18771  52.542  19.161  18.628 0.4000000060
18816  50.690  19.396  18.651 0.4000000060
19138  39.727  17.481  20.286 0.2000000030
19174  38.431  17.732  20.733 0.2000000030
19139  39.053  18.859  20.357 0.2000000030
18631  55.359  19.624  16.290 0.6000000238
18680  54.675  21.277  17.882 0.6999999881
18633  54.767  22.277  16.655 0.6999999881
18632  55.198  21.055  16.580 0.6999999881
18270  48.875  20.569  10.202 0.4000000060
10117  47.527  20.051  9.723 0.4000000060
18325  50.291  21.018  10.642 0.5000000000
18379  51.754  21.412  11.139 0.6000000238
18271  49.935  21.380  9.300 0.4000000060
18328  53.453  23.497  8.566 0.6999999881
19342  38.662  19.938  27.569 0.1000000015
19341  37.354  19.405  26.859 0.1000000015
19339  35.495  17.758  25.262 0.1000000015
19308  35.779  17.957  24.315 0.1000000015
19243  36.526  18.028  22.302 0.1000000015
19209  37.345  17.899  21.431 0.2000000030
18860  48.917  19.434  18.578 0.4000000060
19175  37.880  19.077  21.018 0.2000000030
18903  47.256  19.460  18.443 0.4000000060
18945  45.728  19.394  18.598 0.3000000119
19025  43.415  18.259  19.289 0.3000000119
19064  41.849  18.429  19.595 0.2000000030
19102  40.414  18.638  19.923 0.2000000030
18679  55.050  19.960  17.590 0.6000000238
18726  53.909  20.284  18.551 0.6000000238
18772  52.099  20.602  18.745 0.6000000238
18817  50.178  20.684  18.533 0.4000000060
18861  48.341  20.768  18.339 0.4000000060
18986  44.245  19.430  18.930 0.3000000119
18904  46.691  20.731  18.409 0.4000000060
19026  42.706  19.511  19.223 0.2000000030
19065  41.202  19.695  19.564 0.2000000030
19103  39.784  19.934  20.053 0.2000000030
18727  53.339  21.696  18.635 0.6999999881
18584  54.890  22.077  15.178 0.6999999881
18585  54.664  23.267  15.171 0.8000000119
18432  53.094  21.766  11.780 0.6999999881
18536  54.607  23.941  13.465 0.8000000119
18535  54.727  22.784  13.672 0.8000000119
18484  54.172  22.191  12.529 0.8000000119
18485  54.609  23.222  12.074 0.8000000119
18433  54.029  22.576  10.996 0.8000000119
18380  52.898  22.066  10.189 0.8000000119
18326  51.433  21.693  9.683 0.5000000000
18381  53.866  22.958  9.576 0.8000000119
18327  52.622  22.457  8.999 0.6999999881
19311  38.447  20.454  26.925 0.1000000015
19310  37.253  19.826  26.157 0.1000000015
19309  36.312  19.002  25.250 0.1000000015
19277  36.327  19.195  24.221 0.1000000015
19244  36.448  19.303  23.142 0.1000000015
19210  36.989  19.283  22.001 0.2000000030
19276  36.039  18.053  23.339 0.1000000015
18773  51.449  21.876  18.690 0.6999999881
18946  45.208  20.638  18.790 0.2000000030
18818  49.599  21.952  18.590 0.6999999881
18728  52.444  23.010  18.653 0.6999999881
18862  47.912  21.951  18.741 0.5000000000
18681  54.017  22.633  17.901 0.6999999881
18774  50.749  23.121  18.894 0.8000000119
18682  53.031  23.902  17.774 0.8000000119
18634  54.168  23.513  16.613 0.8000000119
19279  38.133  20.890  26.130 0.1000000015
19278  37.071  20.155  25.230 0.1000000015
19245  36.998  20.406  24.121 0.1000000015
19211  37.147  20.519  22.932 0.2000000030
19177  37.828  21.688  22.756 0.2000000030
19176  37.596  20.433  21.725 0.2000000030
19141  38.299  21.523  21.506 0.2000000030
19140  38.491  20.209  20.713 0.2000000030
18987  43.671  20.700  19.086 0.2000000030
18905  46.332  21.825  18.976 0.4000000060
19246  37.899  21.223  25.061 0.1000000015
19212  37.790  21.523  23.964 0.1000000015
19066  40.649  20.937  19.857 0.2000000030
19027  42.154  20.745  19.383 0.2000000030
18988  43.167  21.771  19.295 0.2000000030
18819  49.155  23.179  19.159 0.6999999881
19104  39.338  21.192  20.485 0.2000000030
18947  44.702  21.804  19.145 0.3000000119
18863  47.547  23.094  19.384 0.6999999881
19105  39.202  22.407  21.329 0.2000000030
19067  40.252  22.055  20.410 0.2000000030
19028  41.671  21.810  19.740 0.3000000119
18820  48.632  24.484  19.553 0.6999999881
18906  45.889  22.922  19.436 0.5000000000
18775  50.059  24.342  19.191 0.6999999881
18494  45.147  31.256  10.411 0.6999999881
18864  46.990  24.248  19.853 0.5000000000
18948  44.236  22.806  19.463 0.2000000030
18989  42.711  22.710  19.748 0.2000000030
19029  41.243  22.888  20.253 0.2000000030
18907  45.428  23.899  19.877 0.4000000060
18949  43.883  23.708  19.951 0.3000000119
18990  42.355  23.696  20.254 0.3000000119
18908  44.683  24.894  20.170 0.5000000000
18865  46.170  25.250  19.971 0.6000000238
18950  43.387  24.683  20.303 0.4000000060
18991  42.074  24.713  20.724 0.3000000119
18951  42.683  25.611  20.513 0.3000000119
18478  51.507  14.285  7.720 0.2000000030
18935  49.358  7.201  9.901 0.1000000015
18763  51.055  9.332  6.501 0.1000000015
18857  50.616  15.520  19.385 0.3000000119
11249  42.192  14.688  7.787 0.1000000015
19343  40.042  20.361  28.376 0.1000000015
19312  39.808  20.914  27.727 0.1000000015
19247  39.038  21.859  25.971 0.1000000015
11314  41.253  21.257  10.072 0.1000000015
11341  43.244  20.404  9.342 0.1000000015
11312  42.491  19.274  9.228 0.1000000015
11340  43.788  19.313  8.926 0.1000000015
11311  43.015  18.241  8.557 0.1000000015
11342  42.574  21.444  9.512 0.1000000015
11368  44.554  20.499  8.975 0.1000000015
11369  43.986  21.553  9.067 0.2000000030
11420  46.658  21.859  8.337 0.3000000119
11445  47.501  22.941  8.091 0.3000000119
11421  46.060  22.804  8.291 0.3000000119
11469  48.346  23.962  7.799 0.3000000119
11446  46.907  23.854  7.861 0.3000000119
11491  49.868  24.018  7.709 0.3000000119
11468  48.963  22.956  8.030 0.3000000119
18337  46.888  31.967  7.131 0.6000000238
18910  42.568  26.259  19.573 0.3000000119
19032  41.810  25.948  22.325 0.2000000030
18993  42.201  26.817  21.861 0.2000000030
18952  42.049  26.537  20.703 0.2000000030
18953  41.990  27.560  21.124 0.2000000030
18866  44.750  25.804  19.418 0.5000000000
18909  43.633  25.674  19.926 0.5000000000
18911  41.699  27.009  19.660 0.2000000030
19033  42.531  26.859  22.889 0.2000000030
18994  42.880  27.734  22.240 0.2000000030
18912  41.429  27.943  20.043 0.2000000030
19182  43.307  24.630  27.174 0.1000000015
19109  42.268  25.824  24.820 0.2000000030
19071  41.922  25.998  23.473 0.2000000030
19072  42.916  26.786  24.098 0.2000000030
19034  43.543  27.683  23.284 0.2000000030
18954  42.570  28.453  21.462 0.2000000030
19147  44.016  25.945  26.554 0.1000000015
19146  42.790  25.310  26.031 0.1000000015
19110  43.390  26.537  25.352 0.2000000030
19073  43.993  27.558  24.482 0.2000000030
18995  43.813  28.565  22.500 0.2000000030
19216  42.502  23.600  27.474 0.1000000015
19282  42.227  22.151  28.634 0.1000000015
19111  44.650  27.257  25.774 0.1000000015
18913  41.722  28.944  20.482 0.2000000030
19217  43.872  23.940  28.267 0.1000000015
19250  43.098  23.036  28.488 0.1000000015
19183  44.616  25.081  27.761 0.1000000015
30325  44.814  26.381  31.679 0.1000000015
30290  43.098  27.383  31.272 0.1000000015
30324  46.194  26.313  31.614 0.1000000015
11395  45.294  21.699  8.617 0.2000000030
18216  45.217  22.788  30.212 0.1000000015
19251  44.544  23.310  29.258 0.1000000015
19283  43.785  22.453  29.464 0.1000000015
19148  45.295  26.557  27.059 0.1000000015
30323  47.195  26.160  30.936 0.1000000015
30289  44.719  27.451  31.429 0.1000000015
18955  43.293  29.318  21.647 0.2000000030
19218  45.220  24.336  28.867 0.1000000015
19184  45.990  25.640  28.257 0.1000000015
30357  47.097  24.762  30.547 0.1000000015
18218  46.560  24.998  29.408 0.1000000015
30322  47.497  26.072  29.807 0.1000000015
30288  46.102  27.471  31.096 0.1000000015
18956  44.086  30.144  21.730 0.2000000030
18914  42.269  29.860  20.728 0.2000000030
19035  44.638  28.472  23.493 0.2000000030
18217  45.910  23.757  29.960 0.1000000015
30251  45.845  28.793  30.274 0.1000000015
30252  44.490  28.714  30.872 0.1000000015
18957  44.862  31.055  21.762 0.2000000030
18219  47.156  26.413  28.715 0.1000000015
18915  42.995  30.687  20.815 0.2000000030
18996  44.782  29.376  22.610 0.2000000030
18872  41.245  30.229  19.680 0.2000000030
30287  47.305  27.497  30.213 0.1000000015
18997  45.829  30.261  22.655 0.2000000030
18916  43.559  31.607  20.892 0.2000000030
18829  40.167  30.475  18.668 0.2000000030
30249  47.773  29.198  28.439 0.1000000015
30250  47.056  28.926  29.500 0.1000000015
30286  47.801  27.591  29.092 0.1000000015
19149  46.618  27.128  27.526 0.1000000015
18873  41.695  31.128  19.815 0.2000000030
11473  45.710  26.874  4.582 0.2000000030
11449  44.735  26.182  5.704 0.1000000015
18222  47.891  31.079  26.292 0.2000000030
30211  47.411  30.853  27.620 0.1000000015
18221  47.941  29.537  27.269 0.2000000030
18220  47.655  27.924  28.020 0.1000000015
19112  45.953  27.876  26.200 0.1000000015
19037  47.002  30.173  23.879 0.2000000030
19036  45.962  29.290  23.595 0.2000000030
19074  45.331  28.317  24.778 0.2000000030
18958  45.558  31.952  22.090 0.2000000030
18998  46.674  31.175  22.843 0.2000000030
11450  44.104  26.851  5.009 0.2000000030
18223  47.540  32.266  25.311 0.1000000015
18999  47.091  32.137  23.494 0.1000000015
19038  47.680  31.228  24.458 0.1000000015
19076  47.656  30.027  25.618 0.2000000030
19113  47.207  28.643  26.632 0.1000000015
19075  46.608  29.115  25.060 0.2000000030
18830  40.400  31.527  18.974 0.3000000119
18785  39.020  30.687  17.607 0.2000000030
18786  39.027  31.819  18.066 0.2000000030
18740  38.024  30.936  16.561 0.2000000030
18693  38.204  30.467  14.778 0.2000000030
18694  37.230  31.234  15.376 0.2000000030
18646  37.922  31.071  13.735 0.2000000030
18224  46.736  33.155  24.538 0.1000000015
18959  45.853  32.798  22.857 0.1000000015
18874  42.151  32.137  20.110 0.3000000119
18645  39.146  30.539  13.461 0.2000000030
18597  39.067  31.262  12.523 0.2000000030
18647  36.723  31.814  14.197 0.2000000030
18598  37.596  31.729  12.677 0.2000000030
18599  36.364  32.573  13.035 0.2000000030
11474  45.181  27.449  3.981 0.2000000030
11451  43.457  27.301  4.391 0.2000000030
18918  44.234  33.314  22.215 0.1000000015
18917  44.094  32.504  21.446 0.2000000030
18831  40.623  32.571  19.429 0.2000000030
18741  37.654  31.970  17.106 0.2000000030
18596  40.519  30.915  12.379 0.3000000119
18546  42.164  31.402  11.420 0.3000000119
18547  40.561  31.797  11.465 0.3000000119
18548  38.934  32.088  11.462 0.2000000030
18549  37.355  32.561  11.482 0.3000000119
18550  36.103  33.475  11.738 0.2000000030
11477  43.778  29.621  1.587 0.2000000030
11478  43.728  30.649  0.562 0.2000000030
11500  45.089  30.246  0.470 0.2000000030
11522  46.508  30.775  -0.695 0.2000000030
11501  45.042  31.099  -0.635 0.2000000030
11562  49.427  31.118  -1.984 0.3000000119
11543  47.872  31.220  -1.804 0.3000000119
18875  42.433  32.949  20.800 0.2000000030
18787  39.046  32.919  18.712 0.2000000030
18695  36.711  32.294  16.010 0.2000000030
18495  43.623  31.767  10.345 0.4000000060
18648  36.025  32.917  14.818 0.2000000030
18496  42.104  32.154  10.337 0.4000000060
18497  40.537  32.478  10.407 0.3000000119
18551  35.390  34.720  12.188 0.2000000030
18498  38.880  32.905  10.351 0.3000000119
18446  40.502  33.207  9.271 0.4000000060
18447  38.893  33.714  9.185 0.3000000119
18499  37.283  33.487  10.295 0.3000000119
18500  36.081  34.457  10.484 0.3000000119
18448  37.355  34.398  9.158 0.3000000119
11497  46.258  27.959  3.106 0.2000000030
11475  44.533  27.832  3.328 0.2000000030
11452  42.871  27.943  3.526 0.2000000030
11476  43.989  28.637  2.465 0.2000000030
11453  42.582  29.002  2.690 0.2000000030
11499  45.162  29.322  1.404 0.2000000030
11521  46.509  29.918  0.244 0.2000000030
11561  49.631  30.178  -1.125 0.4000000060
11542  48.047  30.382  -0.909 0.2000000030
18832  40.757  33.402  20.195 0.2000000030
18600  35.607  33.752  13.545 0.2000000030
18444  43.622  32.339  9.160 0.5000000000
18390  46.749  31.545  8.285 0.5000000000
18445  42.138  32.818  9.251 0.5000000000
18393  42.177  33.430  8.340 0.4000000060
18394  40.551  33.918  8.154 0.4000000060
18395  39.017  34.477  7.953 0.3000000119
11498  45.528  28.487  2.303 0.2000000030
11541  48.080  29.573  -0.065 0.3000000119
11560  49.839  29.419  -0.245 0.3000000119
18742  37.560  33.097  17.679 0.2000000030
18443  45.091  31.664  9.330 0.5000000000
18696  36.491  33.496  16.651 0.2000000030
18649  35.806  34.193  15.466 0.2000000030
18601  35.410  35.147  14.063 0.2000000030
18392  43.705  32.788  8.296 0.5000000000
18339  43.870  33.314  7.517 0.5000000000
18340  42.281  33.928  7.432 0.4000000060
18341  40.766  34.509  7.114 0.4000000060
18396  37.660  35.328  8.019 0.3000000119
18342  39.303  35.171  6.892 0.4000000060
11520  46.769  29.105  1.167 0.2000000030
18391  45.137  32.065  8.223 0.5000000000
18552  35.286  36.053  12.643 0.1000000015
18338  45.274  32.640  7.285 0.5000000000
18285  44.135  34.103  6.791 0.4000000060
18284  45.595  33.437  6.635 0.3000000119
18286  42.548  34.497  6.513 0.4000000060
18287  41.028  35.104  6.233 0.4000000060
18288  39.691  35.912  5.943 0.4000000060
10100  42.913  35.200  5.513 0.4000000060
10102  45.991  34.323  6.036 0.4000000060
19108  41.221  25.127  24.007 0.1000000015
19069  40.494  24.249  21.783 0.2000000030
19068  40.105  23.207  21.055 0.2000000030
19030  41.101  23.875  20.773 0.2000000030
19070  41.079  25.153  22.642 0.1000000015
19031  41.276  24.967  21.501 0.2000000030
19107  40.325  24.387  23.115 0.2000000030
18992  41.920  25.781  21.309 0.2000000030
30133  45.514  33.352  27.124 0.1000000015
30172  47.031  32.205  26.795 0.1000000015
30134  44.426  33.028  27.854 0.1000000015
18876  42.453  33.763  21.556 0.1000000015
18833  40.735  34.246  20.908 0.1000000015
18788  39.119  33.756  19.417 0.1000000015
18743  37.593  34.141  18.365 0.1000000015
18697  36.569  34.704  17.279 0.1000000015
18650  36.045  35.557  16.042 0.1000000015
18449  36.367  35.454  9.335 0.2000000030
18397  36.845  36.406  8.306 0.2000000030
10101  44.448  34.769  5.948 0.3000000119
11689  45.865  35.113  5.055 0.3000000119
18343  38.161  36.125  6.970 0.2000000030
18344  37.354  37.242  7.142 0.3000000119
11699  44.303  35.505  4.658 0.3000000119
18289  38.612  36.892  5.842 0.3000000119
10099  41.400  35.819  5.155 0.3000000119
18290  37.837  37.989  5.971 0.3000000119
18345  36.947  38.442  7.439 0.3000000119
30173  46.033  31.956  27.847 0.1000000015
18450  35.860  36.707  9.659 0.2000000030
18398  36.304  37.626  8.577 0.2000000030
10098  40.047  36.563  4.834 0.2000000030
11690  45.599  35.572  3.669 0.2000000030
11708  42.769  35.851  4.236 0.2000000030
10097  39.019  37.513  4.741 0.2000000030
11716  41.341  36.521  3.916 0.2000000030
11700  44.085  35.949  3.277 0.2000000030
11717  41.399  37.279  2.912 0.2000000030
11701  43.818  36.414  2.048 0.2000000030
11709  42.655  36.464  2.985 0.2000000030
11710  42.589  37.296  1.992 0.2000000030
11723  40.143  37.352  3.798 0.2000000030
11724  40.406  38.366  3.102 0.2000000030
11702  43.609  37.303  1.145 0.2000000030
11563  49.205  31.702  -2.973 0.2000000030
11729  39.348  38.479  3.989 0.2000000030
11718  41.555  38.341  2.243 0.2000000030
11564  49.025  32.025  -4.067 0.2000000030
11544  47.768  31.712  -2.976 0.2000000030
11545  47.755  32.068  -4.220 0.2000000030
11693  44.735  37.383  0.314 0.2000000030
11703  43.574  38.417  0.455 0.2000000030
11711  42.586  38.340  1.388 0.2000000030
11600  50.699  33.186  -4.751 0.2000000030
11583  50.106  32.470  -5.177 0.2000000030
11601  50.440  33.536  -5.829 0.2000000030
11672  46.949  37.654  -1.399 0.2000000030
11694  44.441  38.453  -0.528 0.2000000030
11712  42.246  39.370  0.432 0.2000000030
11719  41.552  39.419  1.569 0.2000000030
11617  50.436  34.410  -4.987 0.2000000030
11684  45.179  38.279  -1.571 0.2000000030
11704  42.708  39.177  -0.695 0.2000000030
11660  47.948  37.302  -2.581 0.2000000030
11695  43.258  38.748  -1.794 0.1000000015
11673  45.925  37.726  -2.648 0.2000000030
11705  41.377  39.240  -1.843 0.2000000030
11685  43.985  38.177  -2.820 0.2000000030
11714  39.919  40.233  -1.764 0.2000000030
11696  42.098  38.634  -2.893 0.2000000030
11721  39.707  40.900  -0.479 0.1000000015
11486  46.596  31.308  -10.346 0.1000000015
11509  47.449  31.829  -11.559 0.1000000015
11202  30.388  28.155  4.517 0.1000000015
11169  29.716  26.833  4.343 0.1000000015
11461  44.192  31.166  -7.180 0.1000000015
11135  29.439  25.196  4.109 0.1000000015
11484  45.312  31.585  -7.446 0.1000000015
11485  46.014  31.327  -8.961 0.1000000015
11437  43.029  30.851  -6.838 0.1000000015
11462  44.962  31.039  -8.685 0.1000000015
11584  50.136  32.910  -6.348 0.1000000015
11566  49.498  32.425  -6.670 0.1000000015
11507  47.060  31.690  -9.055 0.1000000015
11547  48.472  32.258  -6.917 0.1000000015
11528  47.990  32.028  -8.875 0.1000000015
11508  47.485  31.686  -10.459 0.1000000015
11487  46.662  31.156  -11.453 0.1000000015
11548  48.833  32.406  -8.488 0.1000000015
11567  49.505  32.731  -7.914 0.1000000015
11529  48.235  32.106  -10.299 0.1000000015
11568  49.147  33.218  -9.367 0.1000000015
11549  48.827  32.698  -10.016 0.1000000015
11530  48.023  32.350  -11.472 0.1000000015
11488  46.358  30.931  -12.391 0.1000000015
11260  34.467  25.745  9.257 0.1000000015
11261  33.834  26.696  8.565 0.1000000015
11230  32.522  26.123  8.854 0.1000000015
11231  32.005  26.924  7.979 0.1000000015
11232  31.693  27.741  6.913 0.1000000015
11233  31.509  28.449  5.796 0.1000000015
11266  32.702  30.290  3.262 0.1000000015
11234  31.447  29.126  4.604 0.1000000015
11326  35.639  31.391  1.196 0.1000000015
11297  34.256  31.013  1.605 0.1000000015
11235  31.450  29.616  3.374 0.1000000015
11356  37.748  31.111  -1.783 0.1000000015
11327  36.006  31.228  -0.155 0.1000000015
11267  32.885  30.514  1.937 0.1000000015
11203  30.390  28.629  3.315 0.1000000015
11384  39.477  30.943  -3.355 0.1000000015
11298  34.611  30.899  0.253 0.1000000015
11236  31.560  29.889  2.101 0.1000000015
11436  42.307  31.213  -5.420 0.1000000015
11411  41.167  30.832  -5.044 0.1000000015
11328  36.484  30.875  -1.420 0.1000000015
11299  35.095  30.677  -1.075 0.1000000015
11268  33.264  30.559  0.542 0.1000000015
11204  30.475  29.049  2.112 0.1000000015
11170  29.597  27.353  3.156 0.1000000015
11385  40.084  30.614  -4.727 0.1000000015
11565  49.164  32.186  -5.393 0.1000000015
11506  46.396  31.902  -7.468 0.1000000015
11438  43.890  30.801  -8.295 0.1000000015
11463  45.566  30.901  -10.065 0.1000000015
11585  49.868  33.285  -7.392 0.1000000015
11527  47.472  32.199  -7.309 0.1000000015
11586  49.107  33.661  -8.547 0.1000000015
11550  48.432  32.916  -11.227 0.1000000015
11464  45.758  30.474  -11.192 0.1000000015
11587  48.448  34.270  -10.044 0.1000000015
11569  48.621  33.775  -10.856 0.1000000015
11551  47.805  33.452  -12.282 0.1000000015
11531  47.434  32.678  -12.438 0.1000000015
11510  46.968  31.812  -12.456 0.1000000015
11465  45.712  30.086  -12.167 0.1000000015
11320  36.672  27.094  7.488 0.1000000015
11291  35.242  26.979  8.078 0.1000000015
11321  36.101  28.095  6.726 0.1000000015
11292  34.717  27.966  7.252 0.1000000015
11262  33.316  27.611  7.678 0.1000000015
11376  38.991  27.870  5.608 0.1000000015
11263  32.923  28.445  6.756 0.1000000015
11402  40.366  27.585  5.145 0.1000000015
11428  41.424  28.297  3.833 0.1000000015
11264  32.767  29.256  5.632 0.1000000015
11265  32.664  29.857  4.503 0.1000000015
11296  34.042  30.854  2.946 0.1000000015
11355  37.324  31.534  -0.544 0.1000000015
11383  38.987  31.453  -2.165 0.1000000015
11410  40.652  31.327  -3.757 0.1000000015
11460  43.542  31.633  -5.909 0.1000000015
11237  31.959  30.078  0.693 0.1000000015
11357  38.221  30.708  -3.009 0.1000000015
11329  37.043  30.616  -2.691 0.1000000015
11412  41.977  30.622  -6.489 0.1000000015
11483  44.749  32.044  -6.181 0.1000000015
11602  49.916  33.970  -6.793 0.1000000015
11546  48.036  32.205  -5.480 0.1000000015
11439  44.455  30.514  -9.715 0.1000000015
11552  46.782  33.943  -12.995 0.1000000015
11532  46.428  32.935  -13.150 0.1000000015
11511  46.156  31.865  -13.268 0.1000000015
11570  47.991  34.216  -11.885 0.1000000015
11588  47.871  35.107  -11.387 0.1000000015
11489  45.811  30.825  -13.264 0.1000000015
11440  44.926  29.861  -10.855 0.1000000015
11441  45.057  29.306  -11.833 0.1000000015
11349  37.554  28.055  6.126 0.1000000015
11322  35.820  29.109  5.820 0.1000000015
11293  34.371  28.905  6.333 0.1000000015
11377  38.654  28.892  4.749 0.1000000015
11350  37.227  29.088  5.273 0.1000000015
11403  40.047  28.664  4.234 0.1000000015
11404  39.869  29.749  3.419 0.1000000015
11294  34.158  29.724  5.305 0.1000000015
11429  41.214  29.396  2.994 0.1000000015
11324  35.498  30.716  3.742 0.1000000015
11295  34.057  30.406  4.195 0.1000000015
11353  36.922  31.426  2.114 0.1000000015
11325  35.437  31.211  2.574 0.1000000015
11354  37.035  31.659  0.787 0.1000000015
11408  39.932  31.999  -1.279 0.1000000015
11382  38.659  31.813  -0.944 0.1000000015
11409  40.268  31.785  -2.599 0.1000000015
11459  43.132  32.117  -4.682 0.1000000015
11434  41.513  32.074  -3.031 0.1000000015
11435  41.900  31.744  -4.305 0.1000000015
11505  45.826  32.282  -6.029 0.1000000015
11482  44.218  32.338  -4.748 0.1000000015
11358  38.946  30.494  -4.334 0.1000000015
11504  45.396  32.393  -4.515 0.1000000015
11386  40.921  30.427  -6.105 0.1000000015
11525  46.536  32.228  -4.297 0.1000000015
11526  46.916  32.328  -5.751 0.1000000015
11413  42.835  30.541  -7.915 0.1000000015
11414  43.503  30.011  -9.326 0.1000000015
11553  45.375  34.456  -13.565 0.1000000015
11533  45.093  33.325  -13.774 0.1000000015
11512  44.907  32.138  -13.831 0.1000000015
11571  47.075  34.983  -12.792 0.1000000015
11589  47.341  35.912  -12.386 0.1000000015
11466  45.347  29.826  -12.996 0.1000000015
11416  44.239  28.457  -11.309 0.1000000015
11442  44.836  28.844  -12.651 0.1000000015
11351  37.031  30.055  4.342 0.1000000015
11378  38.477  29.937  3.867 0.1000000015
11323  35.591  29.986  4.841 0.1000000015
11430  41.086  30.416  2.136 0.1000000015
11405  39.741  30.690  2.512 0.1000000015
11379  38.346  30.840  2.841 0.1000000015
11352  36.911  30.874  3.302 0.1000000015
11454  42.446  30.059  1.780 0.1000000015
11406  39.720  31.490  1.334 0.1000000015
11380  38.366  31.531  1.675 0.1000000015
11455  42.408  31.006  0.805 0.1000000015
11431  41.107  31.293  1.047 0.1000000015
11407  39.761  31.910  0.051 0.1000000015
11381  38.432  31.850  0.404 0.1000000015
11456  42.423  31.681  -0.464 0.1000000015
11432  41.071  31.862  -0.241 0.1000000015
11479  43.739  31.439  -0.555 0.1000000015
11457  42.502  32.125  -1.798 0.1000000015
11433  41.207  32.130  -1.581 0.1000000015
11480  43.783  31.975  -1.833 0.1000000015
11458  42.778  32.298  -3.297 0.1000000015
11502  45.002  31.723  -1.767 0.1000000015
11481  43.967  32.340  -3.257 0.1000000015
11523  46.391  31.465  -1.787 0.1000000015
11503  45.107  32.201  -3.089 0.1000000015
11524  46.402  31.943  -3.019 0.1000000015
11387  41.724  30.147  -7.506 0.1000000015
11618  49.724  34.657  -5.973 0.1000000015
11603  48.942  34.223  -7.697 0.1000000015
11604  47.930  34.698  -9.067 0.1000000015
11572  45.832  35.585  -13.411 0.1000000015
10168  43.840  34.889  -13.487 0.1000000015
10169  43.573  33.601  -13.339 0.1000000015
11388  42.323  29.466  -8.845 0.1000000015
11590  46.281  36.732  -13.186 0.1000000015
11415  44.038  29.158  -10.429 0.1000000015
11490  44.829  30.858  -13.693 0.1000000015
11467  44.674  29.657  -13.505 0.1000000015
11417  44.139  27.799  -12.186 0.1000000015
11633  49.319  35.456  -4.980 0.1000000015
11360  40.490  29.837  -7.078 0.1000000015
10166  44.862  37.274  -13.604 0.1000000015
10167  44.241  36.104  -13.615 0.1000000015
19912  42.227  35.020  -11.976 0.1000000015
11605  47.488  35.711  -10.612 0.1000000015
11607  46.598  37.810  -12.870 0.1000000015
10170  43.595  32.218  -13.388 0.1000000015
11606  47.235  36.888  -11.879 0.1000000015
11389  42.828  28.604  -9.849 0.1000000015
11361  40.954  29.082  -8.336 0.1000000015
10171  43.619  30.782  -13.436 0.1000000015
11362  41.493  28.154  -9.388 0.1000000015
11390  43.215  27.688  -10.890 0.1000000015
11443  44.337  28.491  -13.223 0.1000000015
11619  48.535  34.892  -6.826 0.1000000015
11332  39.037  29.548  -6.534 0.1000000015
19911  42.524  36.304  -12.438 0.1000000015
19913  42.120  33.659  -11.948 0.1000000015
10165  45.324  38.425  -13.509 0.1000000015
11333  39.477  28.814  -7.740 0.1000000015
11334  40.004  27.800  -8.831 0.1000000015
11304  37.932  28.606  -7.323 0.1000000015
10172  43.611  29.396  -13.512 0.1000000015
11363  41.896  27.081  -10.479 0.1000000015
19910  42.997  37.535  -13.061 0.1000000015
19966  40.883  36.313  -10.663 0.1000000015
19909  43.624  38.788  -13.410 0.1000000015
11303  37.461  29.369  -6.076 0.1000000015
11622  46.844  37.547  -11.150 0.1000000015
11274  36.307  28.517  -7.055 0.1000000015
11305  38.428  27.665  -8.481 0.1000000015
11418  43.657  27.317  -12.910 0.1000000015
11391  43.222  26.895  -11.880 0.1000000015
11620  47.332  35.064  -8.088 0.1000000015
11621  46.768  36.093  -9.757 0.1000000015
19965  41.202  37.558  -11.302 0.1000000015
11623  46.666  38.708  -12.267 0.1000000015
10164  45.737  39.490  -13.081 0.1000000015
11243  34.557  28.355  -6.828 0.1000000015
11335  40.388  26.764  -9.970 0.1000000015
11275  36.742  27.688  -8.231 0.1000000015
11364  41.944  26.218  -11.513 0.1000000015
11634  48.070  35.521  -5.890 0.1000000015
11636  45.923  36.335  -8.698 0.1000000015
11637  46.079  37.888  -10.295 0.1000000015
19908  44.166  39.957  -13.486 0.1000000015
11306  38.821  26.664  -9.625 0.1000000015
11635  46.749  35.582  -7.065 0.1000000015
11638  46.401  39.399  -11.403 0.1000000015
10163  45.930  40.400  -12.415 0.1000000015
11244  34.894  27.673  -7.946 0.1000000015
11211  32.778  28.046  -6.617 0.1000000015
10173  43.327  28.163  -13.564 0.1000000015
11392  42.780  26.379  -12.776 0.1000000015
11336  40.512  25.888  -11.120 0.1000000015
11365  41.689  25.696  -12.544 0.1000000015
11651  44.991  38.050  -9.234 0.1000000015
11652  45.580  39.677  -10.386 0.1000000015
19907  44.691  41.043  -13.116 0.1000000015
11212  32.984  27.426  -7.639 0.1000000015
11276  37.018  26.805  -9.298 0.1000000015
10174  42.780  27.040  -13.632 0.1000000015
11245  35.124  26.907  -8.983 0.1000000015
11307  38.931  25.863  -10.704 0.1000000015
11337  40.354  25.358  -12.164 0.1000000015
10175  42.068  26.158  -13.670 0.1000000015
18651  36.588  36.968  16.370 0.1000000015
18502  35.520  37.041  11.325 0.1000000015
18553  35.795  37.506  13.141 0.1000000015
11649  46.198  36.145  -6.075 0.1000000015
11663  44.415  37.013  -6.489 0.1000000015
11650  45.142  36.608  -7.590 0.1000000015
19906  44.987  41.947  -12.456 0.1000000015
19964  41.623  38.782  -12.153 0.1000000015
19970  40.562  30.906  -12.175 0.1000000015
19971  40.565  29.655  -13.217 0.1000000015
19916  42.163  29.417  -13.252 0.1000000015
11277  37.134  26.024  -10.370 0.1000000015
19917  41.995  28.180  -13.820 0.1000000015
11308  38.779  25.312  -11.809 0.1000000015
18232  37.145  38.369  16.546 0.1000000015
18233  37.096  39.297  15.136 0.1000000015
18603  36.435  37.943  14.897 0.1000000015
18554  36.551  38.896  13.505 0.1000000015
18236  37.926  41.886  11.387 0.1000000015
18602  35.796  36.529  14.527 0.1000000015
18503  36.070  38.458  11.838 0.1000000015
18452  36.352  39.429  10.588 0.1000000015
18451  35.815  38.065  10.107 0.1000000015
11675  43.672  37.571  -5.389 0.1000000015
11686  42.866  38.128  -4.077 0.1000000015
11687  42.244  38.755  -5.569 0.1000000015
11648  47.609  36.226  -4.954 0.1000000015
11662  45.512  36.791  -5.135 0.1000000015
11676  43.044  38.265  -6.810 0.1000000015
11664  43.987  38.002  -8.023 0.1000000015
11665  44.406  39.766  -9.356 0.1000000015
10162  45.760  41.039  -11.453 0.1000000015
10161  45.080  41.337  -10.292 0.1000000015
20022  38.783  33.785  -9.551 0.1000000015
19914  42.118  32.256  -12.259 0.1000000015
19915  42.165  30.756  -12.721 0.1000000015
11213  33.162  26.754  -8.602 0.1000000015
19918  41.620  27.175  -14.339 0.1000000015
10176  41.113  25.459  -13.538 0.1000000015
11278  37.073  25.518  -11.416 0.1000000015
18235  37.789  41.075  12.548 0.1000000015
18504  36.885  39.794  12.205 0.1000000015
18453  37.103  40.718  10.961 0.1000000015
18400  36.719  40.255  9.358 0.1000000015
18346  36.902  39.688  7.790 0.1000000015
18399  36.309  38.947  8.958 0.1000000015
18291  37.472  39.170  6.347 0.1000000015
11661  46.773  36.973  -3.869 0.1000000015
11674  44.677  37.493  -3.958 0.1000000015
11706  40.469  39.614  -2.999 0.1000000015
11647  48.737  36.487  -3.827 0.1000000015
11697  41.323  39.151  -4.228 0.1000000015
11698  41.165  40.245  -5.597 0.1000000015
11688  42.184  40.081  -6.880 0.1000000015
11677  43.239  39.862  -8.123 0.1000000015
10160  44.062  41.644  -9.071 0.1000000015
19905  44.882  42.504  -11.333 0.1000000015
19963  42.136  40.026  -12.908 0.1000000015
20021  38.878  35.098  -9.131 0.1000000015
19968  40.608  33.770  -10.668 0.1000000015
19969  40.560  32.331  -11.324 0.1000000015
19919  41.107  26.258  -14.614 0.1000000015
10177  39.835  25.129  -13.298 0.1000000015
29521  38.343  43.364  11.534 0.1000000015
29574  38.616  42.515  12.549 0.1000000015
18237  37.914  42.703  10.398 0.1000000015
18348  37.758  42.220  8.863 0.1000000015
18401  37.332  41.480  9.794 0.1000000015
18293  37.762  41.843  7.344 0.1000000015
10094  38.138  41.231  6.010 0.1000000015
18347  37.172  40.931  8.227 0.1000000015
18292  37.433  40.488  6.813 0.1000000015
11738  38.936  40.994  5.108 0.1000000015
10095  38.088  39.882  5.553 0.1000000015
10096  38.344  38.666  5.031 0.1000000015
11707  40.152  40.561  -4.185 0.1000000015
19960  44.040  43.141  -12.367 0.1000000015
19961  43.494  42.273  -12.988 0.1000000015
19962  42.772  41.198  -13.241 0.1000000015
19967  40.688  35.062  -10.452 0.1000000015
29575  39.085  43.238  13.607 0.1000000015
29626  38.379  41.742  13.737 0.1000000015
10093  38.500  42.684  6.445 0.1000000015
11735  39.702  40.748  4.064 0.1000000015
11734  38.947  39.722  4.449 0.1000000015
11730  39.842  39.546  3.507 0.1000000015
11715  39.330  41.029  -2.819 0.1000000015
10158  41.664  41.936  -6.703 0.1000000015
10159  42.855  41.809  -7.912 0.1000000015
20016  40.817  41.324  -12.208 0.1000000015
20020  39.111  36.366  -9.171 0.1000000015
20019  39.374  37.620  -9.604 0.1000000015
11731  40.284  40.583  2.969 0.1000000015
11725  40.734  39.426  2.557 0.1000000015
11713  40.966  39.916  -0.707 0.1000000015
11722  38.920  41.646  -1.428 0.1000000015
10156  39.558  42.350  -3.841 0.1000000015
19902  42.323  43.490  -7.247 0.1000000015
10157  40.630  42.038  -5.307 0.1000000015
19904  44.379  42.964  -9.956 0.1000000015
19903  43.524  43.357  -8.570 0.1000000015
20015  41.604  42.405  -12.667 0.1000000015
20017  40.235  40.065  -11.323 0.1000000015
20018  39.751  38.805  -10.364 0.1000000015
11739  39.846  42.035  4.609 0.1000000015
11736  40.264  41.959  3.424 0.1000000015
10155  38.826  42.728  -2.331 0.1000000015
19901  41.223  43.644  -5.774 0.1000000015
19959  44.188  43.931  -11.254 0.1000000015
20014  42.472  43.438  -12.617 0.1000000015
11726  40.590  40.530  1.793 0.1000000015
19900  40.208  43.796  -4.274 0.1000000015
19958  43.822  44.540  -9.719 0.1000000015
20068  39.735  42.689  -11.599 0.1000000015
19957  42.966  44.819  -8.117 0.1000000015
20013  43.102  44.524  -12.049 0.1000000015
20067  40.558  43.798  -12.023 0.1000000015
19956  41.780  44.899  -6.470 0.1000000015
19898  38.691  44.657  -1.273 0.1000000015
19955  40.654  45.015  -4.908 0.1000000015
19899  39.215  44.153  -2.755 0.1000000015
20012  43.440  45.392  -10.917 0.1000000015
20066  41.466  44.939  -12.015 0.1000000015
19954  39.595  45.399  -3.317 0.1000000015
19953  38.976  45.999  -1.665 0.1000000015
20011  43.190  46.048  -9.162 0.1000000015
11168  29.833  26.323  5.490 0.1000000015
11100  29.696  23.518  3.664 0.1000000015
11136  29.309  25.780  2.902 0.1000000015
11200  30.623  26.697  6.918 0.1000000015
11171  29.612  27.897  1.903 0.1000000015
11427  41.863  27.324  4.717 0.1000000015
11205  30.723  29.344  0.762 0.1000000015
18941  48.571  14.519  20.428 0.1000000015
18899  49.604  14.380  19.397 0.1000000015
19143  39.453  23.509  23.570 0.1000000015
19142  38.650  22.679  22.552 0.1000000015
19106  39.579  23.439  22.231 0.1000000015
19178  38.587  22.604  23.827 0.1000000015
11398  43.246  24.481  7.866 0.1000000015
11423  44.702  24.543  7.486 0.1000000015
11447  46.167  24.680  7.260 0.1000000015
11370  43.231  22.557  9.004 0.1000000015
11343  41.870  22.509  9.499 0.1000000015
11397  44.020  23.624  8.304 0.1000000015
11396  44.661  22.694  8.635 0.1000000015
11422  45.448  23.729  8.038 0.1000000015
11448  45.388  25.397  6.454 0.1000000015
