#!ascii label  , from subject 32k_fs_LR vox2ras=TkReg
436
23484  43.587  -80.016  -5.629 0.2000000030
23433  43.425  -79.164  -4.590 0.2000000030
23483  43.332  -78.715  -5.873 0.2000000030
23581  44.143  -78.870  -7.869 0.1000000015
23533  43.823  -79.489  -6.848 0.1000000015
23532  43.570  -78.176  -6.933 0.1000000015
23580  43.974  -77.331  -7.891 0.1000000015
23579  43.801  -75.464  -7.758 0.2000000030
23627  44.508  -76.312  -8.604 0.1000000015
23482  42.726  -77.385  -6.028 0.1000000015
23531  43.110  -76.566  -7.130 0.1000000015
23578  43.713  -73.591  -7.693 0.1000000015
23625  44.261  -72.647  -8.459 0.1000000015
23577  43.844  -71.591  -7.635 0.2000000030
23624  44.615  -70.495  -8.279 0.2000000030
23481  42.418  -75.694  -6.175 0.1000000015
23530  43.075  -74.636  -7.085 0.2000000030
23576  44.245  -69.557  -7.478 0.3000000119
23671  44.925  -71.452  -9.291 0.2000000030
23529  43.093  -72.624  -6.976 0.3000000119
23528  43.430  -70.431  -6.945 0.3000000119
23670  45.452  -69.464  -9.039 0.2000000030
23527  43.926  -68.595  -6.833 0.4000000060
23575  44.799  -67.700  -7.514 0.3000000119
23623  45.181  -68.642  -8.095 0.2000000030
23669  45.907  -67.580  -9.113 0.2000000030
23715  46.127  -68.375  -10.085 0.2000000030
23526  44.413  -66.765  -6.931 0.3000000119
23574  45.253  -65.826  -7.587 0.2000000030
23622  45.659  -66.719  -8.261 0.1000000015
23525  44.913  -64.843  -6.914 0.2000000030
23573  45.469  -63.956  -7.557 0.1000000015
23668  45.937  -65.806  -9.157 0.1000000015
23621  45.606  -64.966  -8.321 0.1000000015
23620  45.444  -63.051  -8.065 0.1000000015
23667  45.588  -63.967  -8.958 0.1000000015
23572  45.633  -62.156  -7.206 0.1000000015
23626  44.233  -74.564  -8.452 0.1000000015
15438  44.700  -69.168  6.720 0.5000000000
15485  44.519  -68.911  7.851 0.5000000000
15439  43.958  -67.867  6.263 0.5000000000
15531  43.697  -68.672  8.923 0.2000000030
15484  45.243  -69.849  8.521 0.2000000030
15486  43.944  -67.738  7.272 0.5000000000
15390  44.230  -69.481  5.555 0.5000000000
15290  44.190  -71.705  3.945 0.5000000000
15391  43.369  -68.250  5.172 0.5000000000
15238  44.760  -73.468  3.359 0.4000000060
15341  43.587  -69.932  4.562 0.5000000000
15186  44.085  -73.755  2.488 0.4000000060
15530  44.436  -69.379  9.603 0.3000000119
15532  43.101  -67.650  8.193 0.4000000060
15533  42.785  -66.262  7.578 0.5000000000
15487  43.478  -66.312  6.782 0.5000000000
15440  43.384  -66.512  5.759 0.5000000000
15291  42.780  -70.406  3.727 0.5000000000
15132  44.885  -74.770  1.944 0.4000000060
15185  45.608  -74.952  2.806 0.4000000060
15619  42.274  -68.006  11.593 0.1000000015
15663  40.602  -66.777  11.967 0.1000000015
15620  41.634  -67.278  10.879 0.1000000015
15621  41.079  -66.569  9.970 0.1000000015
15576  42.674  -68.085  9.801 0.2000000030
15577  42.012  -67.254  9.008 0.4000000060
15239  43.321  -72.185  3.150 0.5000000000
15077  45.486  -76.059  1.448 0.5000000000
15703  40.743  -68.853  13.946 0.1000000015
15661  41.796  -68.752  12.889 0.1000000015
15662  41.131  -67.780  12.526 0.1000000015
15664  40.200  -65.920  11.100 0.1000000015
15666  39.987  -64.034  9.160 0.2000000030
15575  43.342  -68.643  10.528 0.1000000015
15622  40.749  -65.585  9.060 0.2000000030
15623  40.901  -64.426  8.285 0.2000000030
15578  41.769  -66.032  8.239 0.3000000119
15579  41.956  -64.764  7.596 0.4000000060
15342  42.594  -68.564  4.255 0.5000000000
15292  41.891  -68.844  3.418 0.5000000000
15240  42.071  -70.709  2.956 0.5000000000
15704  40.161  -67.755  13.515 0.1000000015
15746  38.880  -66.465  14.289 0.1000000015
15705  39.665  -66.614  13.027 0.1000000015
15706  39.337  -65.501  12.271 0.1000000015
15665  39.913  -65.053  10.119 0.1000000015
15534  42.801  -64.831  6.966 0.4000000060
15293  41.341  -66.994  3.102 0.5000000000
15343  41.999  -66.984  3.878 0.5000000000
15344  42.022  -65.198  3.652 0.5000000000
15393  42.656  -65.207  4.445 0.5000000000
15392  42.762  -66.758  4.800 0.6000000238
15488  43.298  -64.927  6.221 0.5000000000
15787  38.043  -65.042  15.088 0.1000000015
15747  38.553  -65.314  13.559 0.1000000015
15748  38.496  -64.091  12.736 0.1000000015
15707  39.206  -64.513  11.347 0.1000000015
15708  39.218  -63.508  10.396 0.2000000030
15709  39.522  -62.349  9.504 0.2000000030
15667  40.448  -62.791  8.463 0.2000000030
15538  46.673  -61.815  5.110 0.2000000030
15624  41.476  -63.151  7.686 0.2000000030
15537  45.346  -61.954  5.688 0.2000000030
15536  44.152  -62.467  6.160 0.2000000030
15491  45.492  -61.968  4.822 0.2000000030
15490  44.467  -62.733  5.222 0.2000000030
15535  43.199  -63.535  6.472 0.4000000060
15443  44.176  -62.604  4.389 0.2000000030
15489  43.738  -63.673  5.631 0.3000000119
15394  43.027  -63.648  4.022 0.5000000000
15442  43.407  -63.729  4.746 0.4000000060
15441  43.198  -65.073  5.246 0.5000000000
15827  37.504  -63.388  16.002 0.1000000015
15788  37.850  -63.793  14.326 0.1000000015
15828  37.601  -62.146  15.148 0.1000000015
15789  38.001  -62.531  13.392 0.1000000015
15749  38.573  -62.906  11.840 0.1000000015
15750  38.861  -61.824  10.867 0.2000000030
15583  45.951  -61.421  6.031 0.1000000015
15582  44.519  -61.532  6.469 0.2000000030
15628  46.347  -60.902  6.275 0.1000000015
15580  42.417  -63.400  7.123 0.3000000119
15581  43.303  -62.223  6.795 0.1000000015
15829  37.974  -60.918  14.158 0.1000000015
15790  38.362  -61.294  12.487 0.1000000015
15627  44.886  -60.879  6.671 0.1000000015
15625  42.288  -62.017  7.263 0.1000000015
15626  43.439  -61.194  6.975 0.1000000015
15867  37.728  -60.553  15.802 0.1000000015
15905  38.422  -59.259  16.454 0.1000000015
15868  38.310  -59.511  14.705 0.1000000015
15791  38.937  -60.264  11.506 0.1000000015
15751  39.547  -60.792  10.064 0.1000000015
15710  40.326  -61.288  8.838 0.2000000030
15668  41.252  -61.704  7.961 0.2000000030
15672  47.043  -60.165  6.293 0.1000000015
15671  45.370  -60.184  6.894 0.1000000015
15670  43.785  -60.396  7.310 0.1000000015
15830  38.521  -59.858  13.095 0.1000000015
15752  40.640  -59.956  9.391 0.1000000015
15711  41.507  -60.477  8.402 0.1000000015
15713  44.393  -59.506  7.417 0.1000000015
15712  42.829  -59.867  7.981 0.1000000015
15669  42.402  -60.857  7.620 0.1000000015
15906  39.152  -58.432  15.292 0.1000000015
15869  39.079  -58.627  13.567 0.1000000015
15831  39.355  -58.933  11.974 0.1000000015
15792  39.888  -59.390  10.571 0.1000000015
15794  42.674  -58.289  8.870 0.1000000015
15753  41.990  -59.326  8.787 0.1000000015
15755  45.103  -58.683  7.394 0.1000000015
15754  43.444  -58.947  8.055 0.1000000015
15832  40.526  -58.207  10.920 0.1000000015
15793  41.179  -58.741  9.722 0.1000000015
15795  44.314  -58.020  8.105 0.1000000015
15866  37.504  -61.720  16.826 0.1000000015
15904  37.989  -60.286  17.488 0.1000000015
15833  42.023  -57.758  9.900 0.1000000015
15834  43.636  -57.393  8.992 0.1000000015
15435  48.032  -71.959  8.674 0.1000000015
15436  46.638  -71.065  7.927 0.1000000015
15483  46.165  -70.599  9.267 0.1000000015
15387  48.144  -72.464  7.112 0.2000000030
15388  46.801  -71.533  6.476 0.2000000030
15437  45.645  -70.181  7.367 0.2000000030
15338  47.611  -73.382  5.711 0.2000000030
15235  47.670  -77.478  4.865 0.1000000015
15287  47.735  -75.499  5.300 0.1000000015
15389  45.414  -70.603  6.058 0.2000000030
15286  48.150  -76.892  6.005 0.1000000015
15236  47.171  -76.111  4.179 0.2000000030
15339  46.344  -72.292  5.171 0.2000000030
15340  44.905  -71.206  4.855 0.4000000060
15288  46.931  -74.202  4.617 0.3000000119
15584  47.386  -61.546  5.423 0.1000000015
15289  45.629  -72.941  4.120 0.4000000060
15539  47.822  -61.453  4.367 0.1000000015
15492  46.655  -61.374  4.270 0.1000000015
15529  45.181  -69.841  10.313 0.1000000015
15123  37.762  -80.355  3.124 0.1000000015
15069  37.726  -81.602  2.170 0.1000000015
15070  39.323  -81.775  2.597 0.1000000015
15122  36.302  -80.035  3.039 0.1000000015
15067  34.826  -81.105  1.930 0.1000000015
15068  36.306  -81.359  1.932 0.1000000015
15370  35.019  -84.584  12.521 0.1000000015
15172  32.044  -79.212  5.561 0.1000000015
15173  33.253  -78.754  4.850 0.1000000015
15124  39.411  -80.671  3.242 0.1000000015
15120  33.152  -79.670  3.447 0.1000000015
15121  34.687  -79.791  3.063 0.1000000015
15125  41.077  -80.874  3.715 0.1000000015
15071  40.953  -82.013  3.211 0.1000000015
15418  35.858  -84.650  13.934 0.1000000015
15371  35.036  -83.441  12.046 0.1000000015
15322  33.753  -83.004  11.027 0.1000000015
15223  31.885  -79.942  7.867 0.1000000015
15224  32.630  -78.961  7.096 0.1000000015
15466  36.736  -84.112  14.947 0.1000000015
15372  35.010  -82.258  11.779 0.1000000015
15323  33.800  -81.815  10.803 0.1000000015
15324  33.927  -80.603  10.515 0.1000000015
15274  32.825  -80.163  9.257 0.1000000015
15275  33.314  -78.996  8.586 0.1000000015
15225  33.581  -78.224  6.403 0.1000000015
15175  36.238  -78.780  4.178 0.1000000015
15177  39.231  -79.430  4.179 0.1000000015
15373  35.051  -80.991  11.667 0.1000000015
15419  36.141  -83.863  13.344 0.1000000015
15325  34.136  -79.224  10.074 0.1000000015
15276  33.999  -78.038  7.895 0.1000000015
15467  37.109  -83.307  14.497 0.1000000015
15420  36.194  -82.767  13.022 0.1000000015
15226  34.732  -77.893  5.806 0.1000000015
15174  34.663  -78.673  4.414 0.1000000015
15228  37.619  -77.921  5.040 0.1000000015
15176  37.748  -79.046  4.067 0.1000000015
15178  40.997  -79.860  4.461 0.1000000015
15126  42.797  -81.114  4.218 0.1000000015
15514  37.935  -82.643  15.824 0.1000000015
15468  37.229  -82.206  14.162 0.1000000015
15421  36.201  -81.548  12.872 0.1000000015
15374  35.204  -79.724  11.450 0.1000000015
15326  34.615  -78.057  9.409 0.1000000015
15327  35.272  -77.116  8.759 0.1000000015
15277  34.896  -77.413  7.259 0.1000000015
15227  36.138  -77.830  5.332 0.1000000015
15230  40.985  -78.765  5.300 0.1000000015
15229  39.235  -78.275  5.021 0.1000000015
15179  42.907  -80.187  4.919 0.1000000015
15513  37.475  -83.596  16.215 0.1000000015
15515  38.193  -81.553  15.550 0.1000000015
15422  36.287  -80.278  12.806 0.1000000015
15375  35.454  -78.416  11.048 0.1000000015
15376  35.891  -77.324  10.481 0.1000000015
15278  36.120  -77.121  6.686 0.1000000015
15231  42.913  -79.326  5.695 0.1000000015
15470  37.489  -79.821  14.068 0.1000000015
15471  37.747  -78.611  13.904 0.1000000015
15560  38.774  -81.945  17.241 0.1000000015
15469  37.300  -81.005  14.143 0.1000000015
15423  36.509  -79.049  12.625 0.1000000015
15424  36.799  -77.908  12.268 0.1000000015
15377  36.625  -76.510  9.833 0.1000000015
15328  36.290  -76.607  8.117 0.1000000015
15279  37.577  -77.042  6.216 0.1000000015
15280  39.112  -77.293  5.992 0.1000000015
15281  40.900  -77.757  6.053 0.1000000015
15516  38.493  -80.513  15.411 0.1000000015
15561  39.250  -81.117  16.899 0.1000000015
15517  38.684  -79.416  15.220 0.1000000015
15425  37.241  -76.868  11.730 0.1000000015
15329  37.574  -76.308  7.526 0.1000000015
15282  42.827  -78.313  6.433 0.1000000015
15283  44.830  -78.896  6.893 0.1000000015
15562  39.573  -80.193  16.598 0.1000000015
15472  38.015  -77.507  13.385 0.1000000015
15426  37.936  -75.950  10.984 0.1000000015
15378  37.661  -75.920  9.106 0.1000000015
15379  38.919  -75.661  8.466 0.1000000015
15330  39.087  -76.387  7.097 0.1000000015
15331  40.760  -76.735  6.883 0.1000000015
15332  42.690  -77.212  7.023 0.1000000015
15284  46.722  -78.744  7.028 0.1000000015
15518  38.913  -78.191  14.908 0.1000000015
15333  44.761  -77.712  7.542 0.1000000015
15285  47.774  -78.112  6.550 0.1000000015
15563  39.976  -78.944  16.341 0.1000000015
15519  39.233  -77.158  14.314 0.1000000015
15473  38.461  -76.426  12.767 0.1000000015
15380  40.547  -75.856  7.992 0.1000000015
15432  47.571  -75.085  10.093 0.1000000015
15383  46.462  -76.580  8.637 0.1000000015
15382  44.451  -76.537  8.232 0.1000000015
15381  42.494  -76.159  7.878 0.1000000015
15384  48.238  -76.121  8.875 0.1000000015
15433  48.831  -74.171  10.150 0.1000000015
15334  46.674  -77.824  7.899 0.1000000015
15385  49.310  -75.222  8.433 0.1000000015
15335  48.244  -77.209  7.698 0.1000000015
15336  48.772  -76.195  7.153 0.1000000015
15564  40.510  -77.821  15.761 0.1000000015
15474  39.116  -75.372  11.978 0.1000000015
15427  38.915  -75.255  10.229 0.1000000015
15431  45.815  -75.462  9.531 0.1000000015
15434  49.027  -73.105  9.418 0.1000000015
15609  42.205  -77.613  16.407 0.1000000015
15565  40.984  -76.881  14.932 0.1000000015
15520  39.808  -76.026  13.605 0.1000000015
15428  40.261  -75.007  9.542 0.1000000015
15429  41.914  -75.160  9.114 0.1000000015
15430  43.856  -75.427  9.066 0.1000000015
15480  47.601  -73.448  11.260 0.1000000015
15521  40.479  -75.062  12.878 0.1000000015
15475  40.067  -74.645  11.235 0.1000000015
15481  48.002  -72.203  10.761 0.1000000015
15566  41.455  -75.881  14.238 0.1000000015
15567  42.151  -75.023  13.720 0.1000000015
15476  41.450  -74.452  10.529 0.1000000015
15477  43.126  -74.600  10.202 0.1000000015
15479  46.392  -74.233  10.958 0.1000000015
15482  47.261  -71.328  9.977 0.1000000015
15522  41.426  -74.403  12.226 0.1000000015
15478  44.895  -74.580  10.432 0.1000000015
15523  42.791  -74.117  11.772 0.1000000015
15524  44.169  -73.954  11.598 0.1000000015
15525  45.434  -73.623  11.781 0.1000000015
15526  46.311  -72.820  11.979 0.1000000015
15171  31.149  -80.047  6.410 0.1000000015
15369  34.688  -85.253  13.244 0.1000000015
15237  46.106  -74.710  3.655 0.3000000119
23277  44.615  -80.418  -0.938 0.1000000015
23276  44.349  -79.006  -1.036 0.1000000015
23222  45.140  -79.319  0.098 0.2000000030
15021  45.428  -77.842  0.841 0.3000000119
15187  42.623  -72.491  2.311 0.4000000060
15078  44.150  -74.856  1.181 0.4000000060
15022  44.394  -76.433  0.631 0.3000000119
15133  43.479  -73.692  1.636 0.4000000060
23221  44.299  -77.863  0.028 0.3000000119
23330  44.035  -79.973  -2.087 0.1000000015
15023  43.360  -75.153  0.333 0.3000000119
15188  41.500  -70.814  2.193 0.5000000000
15241  41.292  -68.915  2.757 0.4000000060
15079  42.981  -73.624  0.848 0.4000000060
15134  42.187  -72.350  1.477 0.4000000060
23329  43.603  -78.664  -2.258 0.2000000030
23275  43.384  -77.659  -1.061 0.2000000030
23220  43.314  -76.508  -0.254 0.4000000060
23382  43.676  -79.599  -3.328 0.2000000030
15024  42.259  -73.805  0.028 0.4000000060
15189  40.753  -68.841  2.021 0.5000000000
15242  40.872  -66.873  2.430 0.4000000060
23219  42.465  -75.233  -0.726 0.4000000060
15135  41.083  -70.646  1.411 0.5000000000
23434  43.284  -80.435  -4.290 0.2000000030
15080  41.721  -72.116  0.633 0.5000000000
15345  42.700  -63.428  3.310 0.4000000060
15395  43.964  -62.373  3.675 0.2000000030
23274  42.437  -76.384  -1.275 0.4000000060
23328  42.603  -77.468  -2.336 0.2000000030
23381  42.924  -78.405  -3.466 0.2000000030
15294  41.554  -64.990  2.861 0.4000000060
15081  40.659  -70.320  0.492 0.5000000000
15136  40.332  -68.657  1.183 0.5000000000
15184  46.684  -76.357  3.206 0.3000000119
15130  46.959  -77.727  2.837 0.2000000030
15131  46.228  -76.077  2.434 0.3000000119
15076  46.396  -77.592  1.843 0.2000000030
23534  43.441  -80.904  -6.656 0.1000000015
23431  41.984  -76.631  -4.871 0.1000000015
15183  47.304  -77.749  3.740 0.1000000015
23432  42.605  -77.992  -4.739 0.1000000015
23380  41.970  -77.149  -3.566 0.1000000015
23327  41.756  -76.196  -2.513 0.1000000015
23379  41.551  -75.670  -3.741 0.1000000015
23326  41.417  -74.615  -2.819 0.1000000015
23273  41.756  -75.109  -1.749 0.2000000030
23218  41.605  -73.730  -0.977 0.3000000119
15025  41.200  -72.069  -0.231 0.3000000119
23272  41.193  -73.241  -2.012 0.2000000030
23217  40.729  -71.720  -1.266 0.3000000119
23378  41.509  -73.637  -3.997 0.1000000015
23325  41.189  -72.431  -3.197 0.1000000015
23271  40.787  -71.031  -2.348 0.3000000119
15337  48.552  -74.622  6.447 0.1000000015
15026  40.413  -70.049  -0.502 0.4000000060
23216  40.397  -69.503  -1.614 0.5000000000
23430  41.859  -74.812  -5.000 0.1000000015
23429  41.840  -72.640  -5.228 0.1000000015
23377  41.418  -71.461  -4.418 0.2000000030
23480  42.440  -73.671  -6.179 0.1000000015
15190  40.411  -66.638  1.727 0.4000000060
15082  40.079  -68.290  0.284 0.4000000060
15027  40.195  -67.863  -0.828 0.4000000060
23324  41.069  -70.135  -3.596 0.3000000119
23270  40.767  -68.670  -2.732 0.4000000060
23479  42.591  -71.545  -6.197 0.2000000030
15137  40.137  -66.394  0.904 0.4000000060
23215  40.529  -67.271  -1.992 0.4000000060
23376  41.582  -69.365  -4.696 0.3000000119
23428  42.006  -70.483  -5.477 0.2000000030
23673  44.732  -75.382  -9.460 0.1000000015
15191  40.723  -64.329  1.390 0.4000000060
15243  41.035  -64.668  2.125 0.3000000119
15083  40.179  -66.099  -0.065 0.4000000060
15028  40.533  -65.713  -1.188 0.4000000060
23375  42.154  -67.267  -4.824 0.3000000119
23323  41.307  -67.975  -3.851 0.3000000119
23478  43.021  -69.454  -6.241 0.2000000030
23427  42.471  -68.417  -5.552 0.3000000119
15295  42.307  -63.102  2.624 0.3000000119
15138  40.687  -63.993  0.503 0.3000000119
15084  40.867  -63.721  -0.495 0.4000000060
23322  42.007  -65.957  -4.020 0.3000000119
23269  41.118  -66.585  -3.074 0.2000000030
23214  41.171  -65.160  -2.414 0.2000000030
15346  43.701  -62.016  3.020 0.3000000119
23213  42.267  -63.166  -2.652 0.2000000030
15029  41.393  -63.559  -1.599 0.2000000030
23268  42.003  -64.640  -3.401 0.2000000030
23477  43.525  -67.666  -6.231 0.3000000119
15244  41.974  -62.682  1.827 0.4000000060
15296  43.528  -61.594  2.403 0.2000000030
15396  45.223  -61.159  3.366 0.1000000015
15192  41.852  -62.232  0.988 0.2000000030
15245  43.345  -61.037  1.519 0.2000000030
15139  41.947  -61.906  0.030 0.2000000030
15297  44.964  -60.384  2.034 0.2000000030
15085  42.257  -61.763  -0.897 0.1000000015
15444  45.355  -61.574  4.101 0.1000000015
15347  45.047  -60.774  2.684 0.1000000015
15193  43.408  -60.620  0.592 0.2000000030
23426  43.054  -66.486  -5.683 0.2000000030
23476  43.983  -65.698  -6.368 0.2000000030
23374  42.941  -65.333  -4.929 0.2000000030
23425  43.888  -64.588  -5.674 0.1000000015
23475  44.843  -63.762  -6.250 0.1000000015
23321  43.021  -64.082  -4.218 0.1000000015
23524  45.452  -63.003  -6.788 0.1000000015
15246  44.945  -59.912  1.304 0.1000000015
15298  46.469  -59.245  1.626 0.1000000015
23373  44.026  -63.526  -4.966 0.1000000015
23424  45.085  -62.748  -5.608 0.1000000015
23474  45.909  -62.115  -6.150 0.1000000015
23320  44.414  -62.418  -4.253 0.1000000015
23267  43.286  -62.829  -3.544 0.1000000015
23372  45.590  -61.952  -4.941 0.1000000015
23423  46.587  -61.469  -5.692 0.1000000015
23717  45.359  -72.381  -10.374 0.1000000015
23762  45.546  -73.321  -11.534 0.1000000015
23806  45.261  -74.380  -12.535 0.1000000015
23849  44.300  -75.317  -13.359 0.1000000015
23763  44.940  -75.358  -11.465 0.1000000015
23716  45.828  -70.337  -10.082 0.1000000015
23672  44.660  -73.506  -9.380 0.1000000015
23718  44.949  -74.376  -10.481 0.1000000015
23761  46.156  -71.312  -11.316 0.1000000015
