#!ascii label  , from subject 32k_fs_LR vox2ras=TkReg
956
23155  10.957  -100.010  8.440 0.8000000119
23955  12.062  -100.459  5.854 0.8999999762
24776  9.871  -98.854  10.963 0.6000000238
23915  11.977  -100.893  7.204 0.8000000119
24830  9.035  -97.381  11.577 0.8000000119
24775  10.060  -98.650  9.713 0.8999999762
23156  11.304  -99.356  7.123 0.8999999762
23914  13.014  -101.237  4.968 0.6999999881
23913  14.237  -101.179  3.073 0.6999999881
23954  13.092  -100.456  3.843 0.8000000119
24829  9.582  -96.852  10.446 0.8000000119
24883  8.058  -95.852  12.012 0.8000000119
24828  10.235  -95.956  9.528 0.8999999762
24774  10.543  -97.931  8.570 0.8999999762
24032  13.402  -98.710  4.417 0.8999999762
23993  13.568  -99.675  3.059 0.8999999762
23994  12.552  -99.615  4.989 0.8999999762
23953  14.252  -100.677  1.870 0.8999999762
23992  14.658  -99.912  1.026 0.8999999762
23952  15.358  -100.684  -0.088 0.8999999762
23911  16.693  -101.006  -0.742 0.8999999762
23951  16.014  -100.854  -2.103 0.8999999762
24773  11.411  -97.053  7.695 0.8999999762
25083  5.385  -87.914  8.044 0.8999999762
23157  11.976  -98.440  6.113 1.0000000000
24031  14.614  -98.764  2.535 0.8999999762
24030  15.481  -98.910  0.386 0.8999999762
23991  15.394  -99.976  -1.035 0.8999999762
23910  17.600  -100.942  -2.735 0.8999999762
23950  16.809  -100.865  -4.277 1.0000000000
23990  15.925  -100.132  -3.220 1.0000000000
24935  6.735  -94.188  11.901 0.8000000119
24882  8.683  -95.061  10.718 0.8000000119
24934  7.464  -93.705  10.394 0.8000000119
24827  11.111  -95.048  9.034 1.0000000000
25034  5.903  -89.901  7.993 0.8000000119
25033  6.622  -89.059  7.483 0.8999999762
25082  6.318  -87.020  7.463 1.0000000000
24067  16.634  -97.727  -0.403 1.0000000000
24029  16.020  -99.122  -1.810 1.0000000000
23868  19.112  -99.806  -3.239 1.0000000000
23909  18.324  -100.433  -4.945 1.0000000000
23949  17.606  -100.501  -6.538 1.0000000000
23989  16.475  -100.301  -5.700 1.0000000000
24881  9.421  -94.210  9.598 0.8999999762
24933  8.021  -93.079  9.046 0.8999999762
24984  6.721  -91.719  8.402 0.6999999881
25084  5.155  -88.889  9.101 0.6000000238
25132  4.931  -86.847  9.560 0.6999999881
24983  7.340  -90.872  7.800 0.8999999762
25131  5.115  -86.001  8.527 0.8999999762
23158  12.955  -97.327  5.556 1.0000000000
24069  14.651  -97.492  3.991 1.0000000000
24068  15.889  -97.656  2.051 1.0000000000
24066  16.901  -98.085  -2.748 1.0000000000
24065  16.766  -98.467  -5.333 1.0000000000
24028  16.273  -99.388  -4.327 1.0000000000
23867  19.871  -99.322  -5.307 0.6000000238
23908  19.259  -99.906  -6.987 0.8000000119
24027  16.519  -99.584  -6.753 0.8999999762
23907  20.760  -99.846  -8.247 0.6999999881
23988  17.180  -100.163  -7.777 0.8999999762
24880  10.038  -93.424  8.993 1.0000000000
25035  5.562  -90.764  9.153 0.6999999881
24826  12.052  -94.291  8.508 1.0000000000
24932  8.619  -92.355  8.354 1.0000000000
24931  9.342  -91.448  8.167 0.8999999762
24772  12.474  -95.898  7.111 1.0000000000
24982  8.266  -89.721  7.772 1.0000000000
25130  6.400  -85.108  8.057 1.0000000000
24104  17.052  -96.198  1.128 1.0000000000
24759  4.941  -89.232  -6.699 0.8999999762
24758  4.796  -88.245  -7.647 0.8999999762
23171  5.406  -90.624  -8.085 0.8999999762
24757  5.381  -86.899  -7.847 0.8000000119
24812  4.558  -86.362  -6.016 0.8999999762
23172  5.501  -89.631  -9.237 0.8999999762
24103  17.600  -96.322  -1.399 1.0000000000
23173  5.974  -88.305  -9.536 0.6000000238
24102  17.532  -96.791  -3.892 1.0000000000
23948  18.773  -100.110  -8.366 0.8000000119
23947  20.175  -100.152  -9.827 0.8000000119
24879  10.822  -92.748  8.573 1.0000000000
25129  8.042  -84.503  8.446 1.0000000000
25032  7.776  -88.087  7.362 1.0000000000
25081  7.698  -86.246  7.633 1.0000000000
24105  15.896  -96.117  3.375 1.0000000000
24811  5.096  -85.153  -6.634 0.8000000119
24459  6.039  -90.182  -10.246 0.8000000119
24482  6.578  -88.709  -10.687 0.4000000060
24064  16.680  -98.756  -7.653 1.0000000000
24026  17.068  -99.696  -8.909 1.0000000000
23987  18.369  -100.100  -9.695 0.8999999762
23865  22.769  -99.358  -7.320 0.6000000238
23906  22.100  -99.833  -9.076 0.6999999881
24878  11.893  -91.758  8.036 1.0000000000
25080  9.228  -85.547  8.322 1.0000000000
23170  6.050  -91.417  -6.651 0.8999999762
24760  5.652  -90.110  -5.489 0.8999999762
24813  4.862  -87.519  -5.254 0.8999999762
24410  6.544  -92.204  -7.570 0.8999999762
24435  6.088  -91.341  -9.042 0.8999999762
24138  17.985  -94.875  -2.561 1.0000000000
24458  7.333  -88.994  -11.290 0.4000000060
23864  24.145  -99.278  -8.140 0.5000000000
24063  16.926  -98.962  -9.592 1.0000000000
24025  18.010  -99.618  -10.674 0.8999999762
25176  8.563  -83.065  9.485 1.0000000000
24825  13.047  -93.189  7.724 1.0000000000
24930  10.503  -90.271  8.111 1.0000000000
25128  9.683  -84.078  9.209 1.0000000000
23159  14.153  -96.048  5.077 1.0000000000
23169  7.210  -91.801  -5.412 1.0000000000
23168  8.527  -91.726  -4.343 1.0000000000
24865  4.477  -84.644  -4.834 0.8999999762
24139  17.852  -94.576  -0.103 1.0000000000
24384  7.426  -92.689  -6.357 1.0000000000
24810  5.944  -83.831  -6.417 0.6999999881
24864  4.713  -83.560  -5.578 0.8000000119
24409  6.862  -91.605  -9.414 0.8999999762
24434  6.815  -90.394  -10.662 0.6000000238
24101  17.174  -97.375  -6.331 1.0000000000
24100  16.740  -97.810  -8.349 1.0000000000
23946  21.428  -99.924  -10.805 0.8999999762
23986  19.461  -99.956  -11.141 0.8999999762
23905  23.426  -99.451  -9.914 0.6999999881
24981  9.654  -88.677  7.871 1.0000000000
25079  10.971  -84.997  9.068 1.0000000000
25031  9.261  -87.235  7.655 1.0000000000
24771  13.520  -94.682  6.543 1.0000000000
23160  15.198  -94.742  4.277 1.0000000000
24761  6.886  -90.621  -4.356 1.0000000000
24814  5.745  -88.571  -4.486 1.0000000000
24140  16.826  -94.660  2.308 1.0000000000
24357  8.632  -92.718  -5.263 1.0000000000
24356  8.012  -93.337  -7.035 0.8999999762
24383  7.239  -92.742  -8.111 0.8999999762
24137  17.627  -95.595  -5.000 1.0000000000
24136  16.956  -96.200  -7.135 1.0000000000
24135  16.200  -96.599  -8.782 1.0000000000
24062  17.481  -98.735  -11.327 0.8999999762
24099  16.615  -97.910  -10.020 1.0000000000
25127  11.364  -83.701  9.767 1.0000000000
25175  10.006  -82.791  10.287 1.0000000000
25078  12.818  -84.611  9.233 1.0000000000
25030  10.684  -86.469  8.331 1.0000000000
25029  12.464  -85.969  8.587 1.0000000000
24762  8.449  -90.601  -3.337 1.0000000000
24815  6.872  -89.151  -3.515 1.0000000000
24866  4.908  -85.787  -3.939 1.0000000000
24809  7.049  -82.669  -5.658 0.4000000060
24328  9.071  -93.520  -6.037 1.0000000000
24382  7.880  -91.852  -9.300 0.6999999881
24408  7.965  -90.463  -10.585 0.5000000000
23985  20.530  -99.513  -12.233 0.8000000119
24024  18.799  -99.219  -12.119 0.8000000119
24098  16.891  -97.578  -11.622 0.8999999762
24134  15.853  -96.733  -10.315 1.0000000000
24877  13.117  -90.688  7.218 1.0000000000
24824  14.108  -91.910  6.625 1.0000000000
24929  11.968  -89.362  7.811 1.0000000000
25126  13.124  -83.397  9.838 1.0000000000
25028  14.228  -85.515  7.945 1.0000000000
24980  11.121  -88.004  8.055 1.0000000000
24770  14.552  -93.281  5.556 1.0000000000
23161  16.073  -93.472  3.188 1.0000000000
24763  10.022  -90.337  -2.145 1.0000000000
23167  9.927  -91.437  -3.364 1.0000000000
24868  7.424  -87.383  -2.996 1.0000000000
24867  6.034  -86.744  -3.445 1.0000000000
24174  17.378  -93.221  0.942 1.0000000000
24329  10.030  -92.460  -4.446 1.0000000000
24173  17.784  -93.189  -1.434 1.0000000000
24300  11.751  -91.926  -3.808 1.0000000000
24863  5.343  -82.180  -5.525 0.8000000119
24269  12.549  -92.623  -4.590 1.0000000000
24299  10.643  -93.289  -5.298 1.0000000000
24172  17.420  -93.698  -3.645 1.0000000000
24171  16.759  -94.540  -5.823 1.0000000000
24327  8.992  -93.986  -7.383 1.0000000000
24355  8.337  -93.097  -8.200 0.8000000119
24205  15.856  -93.117  -4.610 1.0000000000
24354  9.375  -91.747  -8.537 0.6999999881
24170  15.939  -95.281  -7.546 1.0000000000
24169  15.093  -95.749  -9.086 1.0000000000
23945  22.605  -99.287  -11.695 0.6000000238
24061  18.158  -98.210  -12.650 0.6999999881
25174  11.563  -82.496  10.825 1.0000000000
25077  14.435  -84.217  8.622 1.0000000000
24979  12.564  -87.503  7.857 1.0000000000
25027  15.449  -85.005  6.775 1.0000000000
24977  14.929  -86.201  5.836 1.0000000000
24976  15.323  -85.578  4.236 1.0000000000
24769  15.404  -92.087  4.400 1.0000000000
24978  13.931  -86.943  7.091 1.0000000000
24816  8.549  -89.316  -2.392 1.0000000000
23162  16.526  -92.180  1.845 1.0000000000
23166  11.606  -91.276  -2.547 1.0000000000
24207  17.103  -92.067  -0.486 1.0000000000
24918  4.875  -84.096  -2.636 1.0000000000
24862  6.318  -80.997  -5.006 0.3000000119
24917  4.235  -83.057  -3.564 1.0000000000
24916  4.178  -81.734  -4.259 1.0000000000
24206  16.635  -92.332  -2.658 1.0000000000
24298  10.141  -94.246  -6.781 1.0000000000
24326  9.859  -93.072  -7.907 0.6999999881
24204  15.060  -94.096  -6.273 1.0000000000
24203  14.372  -94.980  -7.766 1.0000000000
24202  14.114  -95.298  -9.190 1.0000000000
24168  15.208  -95.754  -10.415 1.0000000000
23984  21.607  -98.693  -13.188 0.6999999881
24023  19.649  -98.609  -13.125 0.6999999881
24133  16.168  -96.343  -11.497 0.8999999762
24876  14.065  -89.867  6.360 1.0000000000
24764  11.584  -90.132  -1.271 1.0000000000
24817  10.126  -89.195  -1.163 1.0000000000
24869  8.944  -87.671  -2.085 1.0000000000
24919  6.135  -84.886  -2.147 1.0000000000
24268  11.826  -93.951  -5.933 1.0000000000
24267  11.602  -94.467  -7.434 1.0000000000
24297  10.513  -94.072  -7.796 1.0000000000
24296  11.575  -93.042  -7.784 0.6000000238
24235  13.083  -94.821  -8.178 1.0000000000
24325  10.946  -91.736  -7.446 0.5000000000
24353  10.747  -90.086  -8.346 0.3000000119
24234  13.529  -94.422  -9.124 1.0000000000
24381  9.294  -90.304  -9.715 0.2000000030
24201  14.772  -94.700  -10.071 1.0000000000
24407  9.794  -89.079  -10.864 0.3000000119
24432  10.724  -88.017  -11.803 0.3000000119
24060  19.050  -97.412  -13.283 0.6999999881
24097  17.484  -97.038  -12.554 0.6000000238
25125  14.684  -83.082  9.277 1.0000000000
25173  13.305  -82.217  10.757 1.0000000000
25221  10.088  -81.400  11.595 1.0000000000
25076  15.671  -83.798  7.616 1.0000000000
24928  13.163  -88.721  7.197 1.0000000000
24823  14.952  -90.864  5.464 1.0000000000
25026  16.036  -84.388  5.348 1.0000000000
24768  15.742  -91.082  2.959 1.0000000000
24975  14.789  -85.045  2.632 1.0000000000
24924  13.468  -86.592  1.965 1.0000000000
24818  11.593  -89.029  -0.179 1.0000000000
23163  16.086  -91.367  0.440 1.0000000000
24920  7.803  -85.412  -2.121 1.0000000000
24969  4.970  -82.260  -1.086 1.0000000000
24270  13.901  -91.380  -2.957 1.0000000000
24968  4.242  -81.170  -1.733 1.0000000000
24239  15.810  -91.427  -1.777 1.0000000000
24238  14.703  -92.144  -3.732 1.0000000000
24915  4.680  -80.282  -4.273 0.6999999881
24237  13.763  -93.333  -5.246 1.0000000000
24236  13.225  -94.352  -6.793 1.0000000000
24266  12.173  -94.067  -8.354 1.0000000000
24233  14.540  -93.453  -9.203 0.6000000238
24167  15.928  -95.183  -10.984 0.8000000119
24200  15.916  -93.923  -9.905 0.6000000238
24022  20.890  -97.615  -13.563 0.6000000238
24096  18.701  -96.303  -12.742 0.4000000060
24132  17.237  -95.647  -11.855 0.6000000238
25124  15.831  -82.552  8.370 1.0000000000
25075  16.379  -83.124  6.230 1.0000000000
24875  14.628  -89.071  5.292 1.0000000000
24927  14.056  -88.215  6.231 1.0000000000
24822  15.310  -90.019  4.242 1.0000000000
25025  15.645  -83.773  3.528 1.0000000000
24926  14.389  -87.649  4.898 1.0000000000
24974  13.533  -84.672  1.111 1.0000000000
24767  15.390  -90.340  1.682 1.0000000000
24925  14.131  -87.003  3.374 1.0000000000
24870  10.369  -87.867  -0.773 1.0000000000
24765  13.173  -89.921  -0.419 1.0000000000
24766  14.492  -89.959  0.533 1.0000000000
23165  13.323  -90.985  -1.822 1.0000000000
23164  14.941  -90.954  -0.813 1.0000000000
24921  9.595  -85.847  -1.680 1.0000000000
24914  5.806  -79.197  -3.715 0.4000000060
24264  14.368  -92.144  -7.774 0.3000000119
24295  12.833  -91.961  -7.136 0.3000000119
24265  13.174  -93.173  -8.424 0.4000000060
24166  17.288  -94.393  -10.544 0.3000000119
25220  11.640  -81.319  12.013 1.0000000000
25172  14.744  -81.890  10.169 1.0000000000
25267  8.591  -79.990  11.955 1.0000000000
25074  16.041  -82.387  4.590 1.0000000000
25073  14.951  -81.761  2.977 1.0000000000
25024  14.440  -83.190  1.984 1.0000000000
24874  14.548  -88.448  4.134 1.0000000000
24973  12.001  -84.350  -0.071 1.0000000000
24972  10.194  -83.895  -0.692 1.0000000000
24971  8.237  -83.426  -0.800 1.0000000000
24819  13.045  -88.834  0.802 1.0000000000
24871  11.581  -88.018  0.489 1.0000000000
24970  6.319  -83.029  -0.762 1.0000000000
24967  3.994  -79.868  -2.299 0.8999999762
24966  4.509  -78.542  -2.449 0.6000000238
25219  13.414  -81.104  11.704 1.0000000000
24821  15.027  -89.299  3.043 1.0000000000
25023  12.680  -82.676  0.886 1.0000000000
25022  10.676  -82.203  0.534 1.0000000000
24820  14.284  -88.911  1.906 1.0000000000
24872  12.762  -88.135  1.568 1.0000000000
24922  11.155  -86.114  -0.685 1.0000000000
24965  5.684  -77.554  -2.020 0.5000000000
25171  15.717  -81.292  9.147 1.0000000000
25123  16.330  -81.839  7.052 1.0000000000
25266  10.025  -80.044  12.649 1.0000000000
25122  16.216  -81.065  5.466 1.0000000000
25072  13.254  -81.203  1.988 1.0000000000
25021  8.686  -81.731  0.498 1.0000000000
25020  6.823  -81.295  0.632 1.0000000000
24873  13.969  -88.194  2.772 1.0000000000
24923  12.415  -86.322  0.625 1.0000000000
25018  4.248  -79.419  0.148 1.0000000000
25017  4.124  -78.184  -0.324 0.8999999762
25016  4.581  -77.094  -0.471 0.8999999762
25170  16.180  -80.653  7.837 1.0000000000
25217  15.485  -80.158  9.883 1.0000000000
25265  11.744  -80.067  13.032 1.0000000000
25312  6.774  -78.621  11.982 0.8999999762
25313  5.449  -79.199  11.456 0.8999999762
25121  15.381  -80.360  3.996 1.0000000000
25071  11.346  -80.794  1.704 1.0000000000
25070  9.157  -80.425  1.840 1.0000000000
25019  5.172  -80.580  0.559 1.0000000000
25218  14.712  -80.729  10.954 1.0000000000
25169  16.033  -79.904  6.381 1.0000000000
25216  15.967  -79.551  8.547 1.0000000000
25311  8.369  -78.624  12.801 1.0000000000
25168  15.323  -79.168  5.004 1.0000000000
25357  4.197  -78.355  12.747 0.6000000238
25120  13.868  -79.769  2.892 1.0000000000
25069  6.988  -79.921  2.048 1.0000000000
25263  14.629  -79.560  11.630 1.0000000000
25264  13.356  -79.902  12.653 1.0000000000
25310  9.950  -78.765  13.624 1.0000000000
25261  15.957  -78.536  8.975 1.0000000000
25215  15.934  -78.831  6.998 1.0000000000
25260  15.887  -77.895  7.461 1.0000000000
25214  15.203  -78.080  5.582 1.0000000000
25356  5.000  -77.427  12.143 0.8999999762
25259  15.158  -77.092  6.053 1.0000000000
25213  13.915  -77.329  4.426 1.0000000000
25167  13.997  -78.460  3.713 1.0000000000
25119  11.880  -79.326  2.550 1.0000000000
25166  12.059  -77.835  3.215 1.0000000000
25118  9.542  -78.816  2.655 1.0000000000
25117  7.310  -78.124  2.978 1.0000000000
25068  5.380  -78.949  1.974 1.0000000000
25066  4.350  -76.573  1.737 0.8999999762
25262  15.514  -79.134  10.414 1.0000000000
25305  16.080  -77.677  9.362 1.0000000000
25304  15.979  -77.077  7.849 1.0000000000
25355  6.674  -77.221  12.580 0.8999999762
25067  4.622  -77.796  1.946 1.0000000000
25308  13.410  -78.608  13.316 1.0000000000
25309  11.735  -78.698  13.933 1.0000000000
25307  14.713  -78.419  12.287 1.0000000000
25306  15.547  -78.083  10.881 1.0000000000
25353  10.111  -77.159  14.380 1.0000000000
25354  8.340  -77.252  13.589 1.0000000000
25398  4.958  -75.686  12.793 0.8000000119
25165  9.821  -77.126  3.444 1.0000000000
25258  13.737  -76.164  5.001 1.0000000000
25212  12.019  -76.460  3.963 1.0000000000
25116  5.851  -77.217  3.430 1.0000000000
25351  13.573  -77.273  13.746 1.0000000000
25349  15.759  -77.094  11.312 1.0000000000
25350  14.838  -77.252  12.647 1.0000000000
25352  11.947  -77.207  14.460 1.0000000000
25348  16.290  -76.811  9.807 1.0000000000
25390  16.606  -75.884  10.036 1.0000000000
25347  16.261  -76.265  8.211 1.0000000000
25303  15.257  -76.200  6.474 1.0000000000
25257  12.196  -75.027  4.632 1.0000000000
25211  10.086  -75.445  4.227 1.0000000000
25164  7.856  -76.312  4.022 1.0000000000
25392  15.170  -76.043  12.901 1.0000000000
25393  13.842  -75.982  14.048 1.0000000000
25394  12.228  -75.767  14.687 1.0000000000
25395  10.385  -75.565  14.755 1.0000000000
25391  16.078  -75.987  11.608 1.0000000000
25396  8.520  -75.518  14.240 1.0000000000
25397  6.720  -75.641  13.339 0.8999999762
25346  15.631  -75.308  6.995 1.0000000000
25345  14.945  -74.076  6.366 1.0000000000
25302  14.118  -74.979  5.639 1.0000000000
25115  4.966  -76.118  3.591 1.0000000000
25433  15.648  -74.844  12.869 1.0000000000
25434  14.371  -74.611  13.967 1.0000000000
25435  12.709  -74.300  14.686 1.0000000000
25436  10.794  -74.009  14.928 1.0000000000
25432  16.603  -74.923  11.479 1.0000000000
25437  8.786  -73.791  14.575 1.0000000000
25431  17.225  -74.762  9.926 1.0000000000
25438  6.861  -73.836  13.792 1.0000000000
25389  16.664  -75.305  8.531 1.0000000000
25430  17.645  -74.263  8.433 1.0000000000
25439  5.092  -73.941  13.401 0.8999999762
25388  16.488  -74.359  7.387 1.0000000000
25301  12.955  -73.649  5.468 1.0000000000
25163  6.448  -75.429  4.600 1.0000000000
25162  5.463  -74.309  4.965 1.0000000000
25114  4.483  -74.960  3.485 0.8999999762
25113  4.577  -73.746  3.422 0.8000000119
25475  13.542  -72.975  14.356 1.0000000000
25476  11.548  -72.435  14.757 1.0000000000
25477  9.497  -72.167  14.601 1.0000000000
25470  18.873  -73.410  7.771 1.0000000000
25429  17.821  -73.562  6.928 1.0000000000
25387  16.178  -73.238  6.351 1.0000000000
25344  14.220  -72.803  6.183 1.0000000000
25256  10.719  -73.903  4.946 1.0000000000
25210  8.450  -74.517  4.869 1.0000000000
25473  16.366  -73.641  12.456 1.0000000000
25474  15.126  -73.365  13.521 1.0000000000
25511  18.529  -72.726  10.078 1.0000000000
25472  17.439  -73.753  10.920 1.0000000000
25471  18.293  -73.691  9.300 1.0000000000
25478  7.398  -72.084  14.010 1.0000000000
25479  5.422  -72.131  13.625 0.8999999762
25480  4.024  -72.385  14.025 0.8999999762
25469  19.294  -72.817  6.287 1.0000000000
25428  17.674  -72.604  5.692 1.0000000000
25386  15.721  -72.063  5.688 1.0000000000
25300  11.821  -72.482  5.727 1.0000000000
25209  7.214  -73.599  5.458 1.0000000000
25208  6.278  -72.509  5.822 1.0000000000
25161  4.930  -73.212  5.007 1.0000000000
25160  4.755  -71.894  4.864 0.8999999762
25112  4.900  -72.491  3.287 0.8000000119
25512  17.329  -72.599  11.643 1.0000000000
25514  14.445  -71.781  13.642 1.0000000000
25515  12.664  -71.112  14.129 1.0000000000
25516  10.689  -70.574  14.081 1.0000000000
25510  19.344  -72.741  8.629 1.0000000000
25517  8.519  -70.188  13.669 1.0000000000
25343  13.414  -71.530  6.021 1.0000000000
25299  10.842  -71.389  6.138 1.0000000000
25254  8.289  -71.835  6.132 1.0000000000
25253  7.341  -70.737  6.503 1.0000000000
25255  9.376  -72.885  5.600 1.0000000000
25207  5.571  -71.276  6.036 0.8999999762
25159  4.776  -70.470  4.515 0.6999999881
25513  15.972  -72.203  12.840 1.0000000000
25549  19.550  -71.886  9.255 1.0000000000
25551  17.056  -71.327  11.908 1.0000000000
25548  20.486  -71.936  7.855 1.0000000000
25509  20.073  -72.576  7.184 1.0000000000
25518  6.335  -70.262  13.531 1.0000000000
25519  4.567  -70.405  13.910 0.8000000119
25508  20.790  -71.954  5.846 1.0000000000
25468  19.325  -71.884  5.069 1.0000000000
25342  12.472  -70.394  5.980 1.0000000000
25427  17.349  -71.464  4.778 1.0000000000
25385  15.117  -70.890  5.213 1.0000000000
25298  9.721  -70.356  6.432 1.0000000000
25252  6.424  -69.498  6.793 1.0000000000
25206  5.103  -69.947  6.057 0.6999999881
25158  5.111  -69.253  4.002 0.6999999881
25552  15.483  -70.693  12.732 1.0000000000
25586  20.642  -71.174  8.505 1.0000000000
25550  18.400  -71.690  10.646 1.0000000000
25553  13.774  -70.042  13.278 1.0000000000
25585  21.702  -71.126  7.314 1.0000000000
25547  21.340  -71.642  6.662 1.0000000000
25341  11.360  -69.235  5.995 1.0000000000
25297  8.678  -69.184  6.655 1.0000000000
25623  20.692  -70.465  8.921 1.0000000000
25587  19.477  -70.987  9.715 1.0000000000
25588  18.091  -70.579  10.823 1.0000000000
25589  16.627  -69.996  11.753 1.0000000000
25554  11.967  -69.313  13.198 0.8999999762
25555  9.965  -68.787  12.788 0.8999999762
25557  5.812  -68.553  13.429 0.8000000119
25558  4.293  -69.034  14.612 0.5000000000
25596  4.873  -68.329  15.589 0.3000000119
25546  22.254  -71.005  5.463 1.0000000000
25507  21.033  -71.100  4.649 1.0000000000
25467  19.129  -70.817  4.148 1.0000000000
25426  16.798  -70.265  4.156 1.0000000000
25384  14.122  -69.648  4.940 1.0000000000
25340  10.200  -68.041  5.999 1.0000000000
25296  7.857  -67.929  6.774 1.0000000000
25383  13.036  -68.393  4.775 1.0000000000
25204  5.405  -67.469  5.055 0.8000000119
25205  4.984  -68.585  5.685 0.8000000119
25251  6.050  -68.090  6.719 1.0000000000
25157  5.876  -68.415  3.427 0.5000000000
25624  19.244  -70.014  9.971 1.0000000000
25633  6.661  -68.233  16.566 0.1000000015
25622  21.862  -70.586  7.854 1.0000000000
25590  14.922  -69.118  12.201 0.8999999762
25591  13.209  -68.411  12.206 0.8999999762
25632  7.081  -67.101  14.999 0.2000000030
25621  23.104  -70.330  6.752 1.0000000000
25556  7.858  -68.553  12.737 0.8999999762
25584  22.786  -70.766  6.114 1.0000000000
25583  23.809  -69.995  5.044 1.0000000000
25545  22.746  -70.127  4.277 1.0000000000
25466  18.691  -69.619  3.416 1.0000000000
25425  15.980  -69.006  3.796 1.0000000000
25339  9.343  -66.928  5.886 1.0000000000
25295  7.427  -66.698  6.601 1.0000000000
25424  15.013  -67.718  3.517 1.0000000000
25382  11.938  -67.140  4.644 1.0000000000
25338  8.891  -65.687  5.664 1.0000000000
25250  6.000  -66.843  6.258 0.8999999762
25658  21.878  -69.844  8.301 1.0000000000
25659  20.473  -69.461  9.182 1.0000000000
25660  18.900  -68.835  9.732 1.0000000000
25625  17.697  -69.359  10.675 1.0000000000
25626  16.154  -68.578  11.028 1.0000000000
25668  9.086  -67.519  16.157 0.1000000015
25657  23.141  -69.779  7.310 1.0000000000
25595  6.059  -67.454  14.027 0.3000000119
25594  7.748  -67.009  12.695 0.6999999881
25506  20.922  -70.003  3.698 1.0000000000
25294  7.217  -65.421  6.114 0.8000000119
25381  11.207  -66.015  4.522 1.0000000000
25248  6.444  -64.728  4.702 0.6000000238
25249  6.155  -65.790  5.615 0.6999999881
25693  21.738  -68.811  8.535 0.8999999762
25692  23.058  -69.013  7.741 0.8999999762
25627  14.471  -67.822  10.986 0.8999999762
25592  11.413  -67.738  11.723 0.8999999762
25656  24.486  -69.344  6.351 0.8999999762
25620  24.300  -69.739  5.736 0.8999999762
25582  24.409  -69.010  3.978 1.0000000000
25544  22.873  -68.977  3.307 1.0000000000
25505  20.639  -68.762  2.924 1.0000000000
25465  17.996  -68.315  2.926 1.0000000000
25423  14.099  -66.416  3.332 1.0000000000
25293  7.267  -64.303  5.445 0.6999999881
25694  20.247  -68.279  8.905 1.0000000000
25691  24.431  -68.791  6.950 0.8999999762
25726  22.818  -68.067  7.962 0.8000000119
25695  18.633  -67.546  8.895 1.0000000000
25661  17.314  -68.079  9.998 1.0000000000
25662  15.832  -67.357  9.763 0.8999999762
25628  12.835  -67.108  10.643 0.8999999762
25655  25.591  -68.549  5.481 0.8999999762
25619  25.220  -68.811  4.692 0.8999999762
25504  20.103  -67.453  2.349 1.0000000000
25464  17.138  -66.975  2.601 1.0000000000
25380  10.941  -64.767  4.392 1.0000000000
25337  8.910  -64.401  5.367 1.0000000000
25292  7.520  -63.176  4.525 0.6000000238
25422  13.544  -65.251  3.168 1.0000000000
25247  7.015  -63.725  3.601 0.6000000238
25463  16.534  -65.726  2.354 1.0000000000
25727  21.383  -67.597  8.261 0.6999999881
25725  24.173  -67.998  7.407 0.8000000119
25728  19.990  -67.005  8.108 0.6000000238
25690  25.644  -68.163  6.205 0.8999999762
25696  17.308  -66.790  8.680 0.6999999881
25654  26.375  -67.432  4.587 0.8999999762
25618  25.740  -67.650  3.720 0.8999999762
25581  24.512  -67.811  2.997 0.8999999762
25543  22.673  -67.697  2.530 0.8999999762
25336  9.037  -63.157  4.790 0.8999999762
25379  10.998  -63.528  4.068 1.0000000000
25421  13.326  -64.130  2.965 1.0000000000
25462  16.159  -64.550  2.060 1.0000000000
25759  22.454  -66.979  7.878 0.6000000238
25724  25.449  -67.522  6.853 0.8999999762
25689  26.623  -67.146  5.492 0.8999999762
25542  22.167  -66.385  1.871 0.8999999762
25503  19.515  -66.127  1.917 1.0000000000
25335  9.262  -62.047  4.056 0.8000000119
25291  7.849  -62.148  3.363 0.6000000238
25378  11.209  -62.378  3.747 0.8999999762
25420  13.461  -62.999  2.739 1.0000000000
25757  25.029  -66.705  7.311 0.6000000238
25758  23.745  -67.053  7.691 0.6000000238
25791  22.138  -65.668  7.774 0.4000000060
25761  20.010  -65.583  7.789 0.6000000238
25723  26.529  -66.727  6.227 0.8999999762
25653  26.999  -66.124  3.543 0.8999999762
25617  26.036  -66.322  2.742 0.8999999762
25580  24.351  -66.433  2.189 0.8999999762
25541  21.716  -65.069  1.378 1.0000000000
25502  19.044  -64.816  1.618 1.0000000000
25461  15.992  -63.400  1.791 1.0000000000
25756  26.177  -66.177  6.857 0.8000000119
25788  25.518  -65.369  7.379 0.5000000000
25789  24.351  -65.759  7.635 0.5000000000
25790  23.285  -65.925  7.721 0.3000000119
25688  27.390  -66.011  4.617 0.8999999762
25334  9.338  -61.096  2.963 0.6000000238
25579  24.061  -65.073  1.515 1.0000000000
25377  11.278  -61.357  3.112 1.0000000000
25290  8.381  -61.403  2.032 0.6000000238
25501  18.664  -63.648  1.311 1.0000000000
25419  13.559  -61.783  2.578 1.0000000000
25460  15.952  -62.155  1.760 1.0000000000
25755  27.178  -65.334  6.334 0.5000000000
25819  24.652  -64.422  7.700 0.2000000030
25820  23.711  -64.700  7.922 0.3000000119
25849  23.969  -63.362  8.250 0.1000000015
25722  27.412  -65.711  5.569 0.8000000119
25687  27.998  -64.552  3.490 0.8000000119
25616  25.948  -64.902  1.899 0.8999999762
25376  10.955  -60.493  2.187 0.8000000119
25540  21.261  -63.752  1.090 1.0000000000
25500  18.456  -62.314  1.143 1.0000000000
25418  13.406  -60.825  2.031 1.0000000000
25787  26.593  -64.708  6.991 0.4000000060
25721  28.215  -64.371  4.606 0.8000000119
25652  27.301  -64.671  2.547 0.8000000119
25615  25.631  -63.534  1.238 0.8999999762
25578  23.610  -63.720  1.010 1.0000000000
25333  9.572  -60.139  1.765 0.6999999881
25577  23.142  -62.398  0.663 1.0000000000
25459  15.930  -60.917  1.487 1.0000000000
25539  20.847  -62.418  0.796 1.0000000000
25818  25.767  -63.935  7.426 0.3000000119
25848  24.825  -63.070  7.822 0.1000000015
25786  27.500  -63.705  6.565 0.4000000060
25754  28.026  -64.118  5.674 0.5000000000
25876  24.382  -61.452  8.118 0.1000000015
25904  23.269  -60.522  9.335 0.1000000015
25903  23.600  -59.987  8.584 0.1000000015
25929  22.397  -58.582  8.982 0.1000000015
25651  27.186  -63.268  1.702 0.8000000119
25375  11.377  -59.307  1.305 0.8000000119
25289  8.963  -60.481  0.790 0.4000000060
25499  18.284  -61.002  0.984 1.0000000000
25817  26.673  -63.103  7.152 0.2000000030
25847  25.616  -62.357  7.555 0.1000000015
25875  24.849  -60.686  7.768 0.1000000015
25753  28.800  -62.677  4.913 0.4000000060
25902  23.815  -59.244  8.006 0.1000000015
25720  28.847  -62.852  3.619 0.4000000060
25686  28.307  -62.951  2.418 0.6999999881
25650  26.781  -61.850  1.141 0.8000000119
25614  25.152  -62.141  0.806 0.8000000119
25332  10.209  -58.910  0.900 0.6999999881
25458  15.974  -59.888  0.856 1.0000000000
25417  13.511  -59.784  1.190 0.8999999762
25244  9.277  -61.350  -0.398 0.1000000015
25538  20.524  -61.069  0.604 1.0000000000
25498  18.214  -59.699  0.630 1.0000000000
25816  27.385  -61.928  6.853 0.3000000119
25846  26.198  -61.362  7.349 0.1000000015
25785  28.298  -62.407  6.028 0.3000000119
25685  27.989  -61.517  1.775 0.8000000119
25288  9.830  -58.966  0.018 0.1000000015
25576  22.685  -61.074  0.372 1.0000000000
25537  20.278  -59.692  0.397 1.0000000000
25497  18.134  -58.473  0.059 1.0000000000
25815  27.922  -60.761  6.447 0.2000000030
25845  26.750  -60.317  7.089 0.1000000015
25874  25.255  -59.776  7.523 0.1000000015
25784  28.754  -61.144  5.367 0.3000000119
25873  25.520  -58.773  7.331 0.1000000015
25752  29.081  -61.410  4.124 0.3000000119
25719  28.848  -61.410  2.808 0.5000000000
25649  26.317  -60.548  0.778 0.8000000119
25613  24.659  -60.837  0.474 0.8000000119
25457  16.038  -58.740  0.158 0.8999999762
25416  13.902  -58.544  0.367 0.8999999762
25374  12.208  -57.954  0.397 0.8000000119
25575  22.202  -59.731  0.139 0.8000000119
25814  28.049  -59.569  5.953 0.1000000015
25783  28.734  -59.903  4.720 0.3000000119
25751  28.855  -60.090  3.405 0.2000000030
25718  28.338  -60.024  2.184 0.4000000060
25684  27.532  -60.144  1.331 0.5000000000
25612  24.056  -59.595  0.150 0.8000000119
25536  20.036  -58.174  0.007 1.0000000000
25287  10.802  -57.170  -0.615 0.1000000015
25648  25.615  -59.308  0.411 0.6000000238
25611  23.386  -58.237  -0.283 0.8000000119
25415  14.532  -57.024  -0.570 0.8000000119
25373  13.101  -56.334  -0.562 0.4000000060
25331  11.159  -57.424  0.081 0.4000000060
25574  21.802  -58.236  -0.182 0.8000000119
25456  16.235  -57.337  -0.612 0.8000000119
109  15.289  -55.175  -1.477 0.5000000000
25750  28.264  -58.860  2.755 0.1000000015
25717  27.705  -58.871  1.722 0.2000000030
25683  26.900  -59.049  0.947 0.2000000030
25682  26.144  -57.854  0.460 0.4000000060
25647  24.927  -58.055  -0.049 0.4000000060
25535  19.921  -56.717  -0.711 0.8999999762
25496  18.107  -57.171  -0.707 0.8999999762
25330  12.116  -55.652  -0.764 0.3000000119
108  16.752  -55.598  -1.512 0.5000000000
25749  27.646  -57.710  2.224 0.2000000030
25716  27.044  -57.735  1.249 0.2000000030
25681  25.447  -56.546  -0.066 0.2000000030
25646  24.273  -56.628  -0.590 0.5000000000
25610  22.900  -56.731  -0.850 0.6000000238
25573  21.478  -56.700  -0.831 0.6999999881
107  18.337  -55.604  -1.612 0.6999999881
106  19.919  -55.351  -1.567 0.8000000119
110  13.921  -54.498  -1.427 0.3000000119
25715  26.370  -56.391  0.760 0.2000000030
105  21.321  -55.298  -1.662 0.5000000000
1600  17.026  -53.797  -2.606 0.3000000119
1615  15.671  -53.264  -2.494 0.3000000119
111  12.902  -53.764  -1.648 0.2000000030
101  25.602  -54.939  0.372 0.2000000030
102  24.745  -55.064  -0.558 0.3000000119
25177  6.882  -83.472  8.898 1.0000000000
25178  5.363  -84.132  9.124 1.0000000000
25222  8.643  -81.599  10.804 1.0000000000
25268  7.104  -80.337  11.083 0.8999999762
25224  5.438  -82.481  9.717 0.8999999762
25015  5.546  -76.185  -0.059 0.6000000238
25065  4.519  -75.476  1.389 0.8999999762
25243  10.186  -59.242  -0.978 0.1000000015
24985  6.304  -92.370  9.685 0.6999999881
25223  7.075  -81.906  10.012 1.0000000000
25729  18.698  -66.070  7.794 0.6000000238
25760  21.153  -66.295  7.734 0.6000000238
25850  23.364  -63.588  8.854 0.1000000015
25877  23.858  -61.939  8.751 0.1000000015
25844  26.925  -59.188  6.763 0.1000000015
25748  26.945  -56.314  1.796 0.2000000030
104  22.568  -55.254  -1.580 0.5000000000
23873  13.435  -101.419  6.560 0.5000000000
23872  14.647  -101.465  4.505 0.6000000238
23871  16.040  -101.320  2.675 0.5000000000
23912  15.596  -101.174  1.233 0.8000000119
23831  14.033  -101.151  8.222 0.4000000060
23785  18.499  -100.399  3.564 0.5000000000
23829  16.536  -101.061  4.123 0.5000000000
23828  17.902  -100.777  2.153 0.5000000000
23870  17.330  -100.937  0.750 0.6999999881
23154  11.043  -100.019  9.827 0.5000000000
23874  12.391  -100.866  8.808 0.2000000030
23784  19.928  -100.143  1.815 0.5000000000
23827  19.130  -100.050  0.385 0.5000000000
23869  18.435  -100.413  -1.167 0.8000000119
23153  11.448  -99.815  11.087 0.2000000030
23826  20.085  -99.153  -1.442 0.6000000238
24777  10.126  -98.760  11.989 0.4000000060
23783  21.143  -99.468  0.063 0.5000000000
23738  22.842  -99.105  -0.069 0.3000000119
23782  21.935  -98.548  -1.472 0.5000000000
23780  24.171  -98.206  -3.726 0.5000000000
23825  20.790  -98.551  -3.261 0.5000000000
23779  25.484  -98.336  -4.743 0.5000000000
23823  23.445  -98.718  -5.689 0.5000000000
23822  24.750  -98.894  -6.425 0.5000000000
23866  21.383  -99.237  -6.679 0.5000000000
23904  24.591  -98.741  -10.878 0.4000000060
23692  24.228  -98.260  0.391 0.2000000030
23693  23.189  -98.814  1.470 0.2000000030
23737  23.776  -98.398  -1.098 0.2000000030
23824  22.031  -98.425  -4.670 0.5000000000
23736  25.020  -98.081  -1.897 0.2000000030
23781  22.917  -98.136  -2.637 0.5000000000
24986  5.900  -92.857  11.354 0.5000000000
25036  5.388  -91.321  10.744 0.5000000000
24884  7.975  -96.019  13.185 0.3000000119
24936  6.783  -94.546  13.062 0.6000000238
24987  5.795  -93.094  12.900 0.3000000119
25037  5.399  -91.604  12.343 0.2000000030
25134  5.627  -88.185  11.991 0.2000000030
25133  5.261  -87.610  10.679 0.2000000030
25181  6.034  -86.599  12.001 0.3000000119
25180  5.550  -85.755  10.907 0.3000000119
25179  5.045  -84.966  10.094 0.3000000119
25226  5.754  -83.963  11.460 0.3000000119
25225  5.039  -83.289  10.586 0.4000000060
25227  6.602  -84.731  12.299 0.2000000030
25271  5.477  -82.323  12.429 0.3000000119
25270  4.770  -81.635  11.306 0.6000000238
25269  5.622  -80.859  10.617 0.8000000119
25314  4.692  -80.010  11.992 0.6000000238
25399  3.768  -76.444  13.312 0.6999999881
25440  3.832  -74.389  13.844 0.8000000119
25400  4.009  -77.205  14.826 0.5000000000
25441  3.484  -75.099  15.019 0.6000000238
25064  5.198  -74.417  1.754 0.8000000119
25593  9.610  -67.229  11.737 0.6000000238
25111  5.386  -71.253  2.909 0.5000000000
25629  11.378  -66.295  10.780 0.6999999881
25663  14.367  -66.645  9.660 0.6999999881
25697  16.031  -65.874  8.704 0.6000000238
25730  17.636  -65.277  8.323 0.4000000060
25762  19.018  -65.186  8.708 0.2000000030
25698  14.960  -65.045  9.613 0.5000000000
25664  13.159  -65.667  10.051 0.5000000000
25731  16.675  -64.755  9.694 0.3000000119
103  23.742  -55.166  -1.172 0.4000000060
1510  23.395  -53.649  -1.976 0.4000000060
1530  22.368  -53.812  -2.335 0.3000000119
1549  21.175  -53.819  -2.523 0.3000000119
1567  19.802  -53.859  -2.566 0.3000000119
23786  17.085  -100.315  5.465 0.3000000119
23830  15.184  -101.078  6.117 0.4000000060
23742  18.015  -99.720  6.648 0.3000000119
23741  19.220  -99.829  4.768 0.3000000119
23740  20.548  -100.030  3.156 0.4000000060
23695  21.113  -99.363  4.173 0.2000000030
23694  22.180  -99.173  2.673 0.2000000030
24232  15.878  -92.540  -8.418 0.1000000015
24199  17.349  -93.144  -8.980 0.2000000030
24263  15.711  -91.067  -7.089 0.1000000015
24294  14.093  -90.641  -6.756 0.2000000030
25315  5.134  -80.694  13.413 0.5000000000
25358  4.713  -79.017  14.237 0.5000000000
25442  4.151  -75.606  16.422 0.4000000060
25014  6.662  -75.264  0.751 0.3000000119
25520  3.558  -70.900  15.086 0.6000000238
25559  3.607  -69.884  16.378 0.3000000119
25110  6.163  -70.269  2.324 0.3000000119
25631  8.402  -66.233  13.487 0.3000000119
25630  9.874  -65.792  11.831 0.4000000060
25665  12.026  -65.009  11.426 0.5000000000
25699  14.027  -64.618  11.298 0.4000000060
24831  9.025  -97.455  12.639 0.4000000060
24832  9.519  -97.239  13.270 0.2000000030
24778  10.671  -98.423  12.727 0.2000000030
24504  7.532  -87.176  -10.598 0.3000000119
23174  6.918  -86.923  -9.072 0.2000000030
24525  8.853  -85.964  -10.156 0.2000000030
24756  6.474  -85.601  -7.460 0.3000000119
23175  8.360  -85.828  -8.354 0.2000000030
24755  7.622  -84.529  -6.540 0.3000000119
24808  8.375  -81.550  -5.063 0.2000000030
24861  7.691  -80.034  -4.305 0.2000000030
25063  5.993  -73.310  2.121 0.3000000119
25203  6.016  -66.501  4.341 0.3000000119
25156  6.815  -67.646  2.766 0.3000000119
25246  7.651  -62.871  2.290 0.3000000119
24937  7.365  -94.363  13.993 0.3000000119
24754  8.934  -83.321  -5.795 0.2000000030
23151  12.944  -98.742  11.721 0.1000000015
23152  12.135  -99.340  11.751 0.1000000015
23832  13.026  -100.528  10.124 0.1000000015
23745  14.864  -99.300  11.605 0.1000000015
23150  13.951  -98.050  11.673 0.1000000015
23743  16.990  -100.213  8.738 0.1000000015
23698  17.926  -99.754  9.649 0.1000000015
23651  19.949  -99.082  8.609 0.1000000015
23788  14.969  -100.755  9.602 0.1000000015
23787  16.032  -100.567  7.592 0.3000000119
23697  19.035  -99.454  7.671 0.1000000015
23650  20.936  -98.933  6.819 0.1000000015
24779  11.475  -97.856  12.665 0.1000000015
23696  20.056  -99.402  5.812 0.1000000015
24780  12.440  -97.267  12.323 0.1000000015
23603  21.683  -98.268  7.915 0.1000000015
24833  10.245  -96.826  13.441 0.1000000015
23602  22.244  -97.638  6.418 0.1000000015
23649  21.520  -98.462  5.288 0.1000000015
23739  21.862  -99.758  1.482 0.3000000119
23553  23.783  -96.638  6.059 0.1000000015
23601  22.615  -96.989  4.971 0.1000000015
23552  24.175  -96.132  4.883 0.1000000015
24885  8.484  -95.888  13.778 0.1000000015
23648  22.250  -98.072  3.708 0.1000000015
23734  27.394  -97.286  -3.783 0.2000000030
23735  26.325  -97.788  -2.670 0.2000000030
24433  8.536  -89.092  -11.364 0.3000000119
24481  8.322  -87.408  -11.612 0.1000000015
24457  9.433  -87.736  -12.008 0.1000000015
24380  11.077  -88.861  -9.717 0.1000000015
23778  26.582  -97.945  -5.723 0.3000000119
23821  25.971  -98.480  -7.311 0.3000000119
24480  10.433  -86.348  -12.741 0.1000000015
24456  11.674  -86.829  -12.787 0.1000000015
23777  27.383  -97.096  -6.531 0.2000000030
23820  26.925  -97.553  -8.215 0.2000000030
23863  25.321  -98.791  -9.016 0.3000000119
24503  9.435  -85.996  -11.768 0.1000000015
24502  11.396  -84.784  -12.839 0.1000000015
23903  25.863  -97.657  -11.683 0.3000000119
23944  23.754  -98.377  -12.586 0.3000000119
24545  10.232  -84.719  -9.426 0.1000000015
23176  9.742  -84.724  -7.410 0.1000000015
25085  5.252  -89.441  10.489 0.2000000030
24964  7.073  -76.941  -1.093 0.1000000015
25272  6.645  -82.797  13.404 0.2000000030
25316  6.336  -81.193  14.469 0.3000000119
25062  6.797  -72.153  1.869 0.2000000030
25109  6.942  -69.504  1.811 0.2000000030
25108  7.719  -68.825  1.212 0.1000000015
25060  7.978  -70.358  0.187 0.2000000030
25202  6.776  -65.482  3.425 0.3000000119
25155  7.763  -66.716  2.142 0.2000000030
25201  7.562  -64.627  2.435 0.2000000030
25200  8.355  -64.020  1.289 0.1000000015
25245  8.313  -62.290  0.869 0.1000000015
25286  11.622  -55.221  -1.310 0.1000000015
24324  12.323  -90.330  -7.184 0.2000000030
23983  22.966  -97.461  -13.532 0.3000000119
24262  16.999  -89.860  -6.543 0.1000000015
24293  15.512  -89.326  -6.673 0.1000000015
24059  20.449  -96.503  -13.045 0.3000000119
24261  18.455  -88.596  -6.481 0.1000000015
24292  17.008  -88.098  -7.004 0.1000000015
24095  20.344  -95.670  -11.915 0.1000000015
24021  22.497  -96.403  -13.378 0.1000000015
25483  4.145  -74.341  18.091 0.1000000015
25482  3.431  -73.619  16.663 0.1000000015
25521  3.239  -71.629  16.764 0.3000000119
25481  3.370  -72.920  15.209 0.3000000119
24131  18.776  -95.100  -11.353 0.2000000030
25597  4.699  -69.351  17.316 0.1000000015
25667  9.692  -66.366  14.625 0.1000000015
25701  12.188  -65.940  14.387 0.1000000015
25732  15.908  -64.619  11.440 0.1000000015
25700  13.091  -65.021  12.956 0.1000000015
25666  10.793  -65.361  12.993 0.1000000015
1584  18.416  -53.946  -2.666 0.2000000030
1531  22.240  -52.283  -3.093 0.1000000015
1550  21.160  -52.277  -3.407 0.1000000015
1568  19.944  -52.300  -3.566 0.1000000015
1585  18.650  -52.231  -3.707 0.1000000015
25764  17.593  -65.014  11.668 0.1000000015
1629  14.440  -52.499  -2.548 0.1000000015
1601  17.332  -52.029  -3.713 0.1000000015
23862  26.437  -97.797  -10.011 0.1000000015
23861  27.493  -96.515  -10.707 0.1000000015
23901  28.970  -94.889  -13.173 0.1000000015
23902  27.324  -96.261  -12.423 0.1000000015
23860  28.807  -95.181  -11.408 0.1000000015
23900  30.391  -93.422  -13.612 0.1000000015
23859  30.445  -93.882  -12.034 0.1000000015
23943  25.152  -97.141  -13.035 0.2000000030
25359  5.992  -79.457  15.346 0.2000000030
25360  6.730  -79.851  16.627 0.2000000030
24913  7.245  -78.276  -2.675 0.1000000015
25782  28.434  -58.705  4.103 0.1000000015
1489  24.181  -53.558  -1.153 0.1000000015
24198  18.959  -92.438  -7.998 0.1000000015
24165  18.930  -93.877  -9.687 0.1000000015
24406  11.864  -87.965  -11.064 0.1000000015
24164  20.624  -93.077  -8.650 0.1000000015
25012  8.433  -72.965  0.914 0.1000000015
25011  8.911  -71.885  0.138 0.1000000015
25061  7.559  -71.132  1.154 0.1000000015
112  12.406  -53.317  -2.191 0.1000000015
25013  7.620  -74.171  1.142 0.1000000015
24130  20.515  -94.535  -10.353 0.1000000015
23733  27.864  -96.507  -4.772 0.1000000015
24988  6.491  -93.002  13.893 0.1000000015
23689  28.238  -96.514  -1.443 0.1000000015
25038  5.999  -91.746  13.712 0.1000000015
25086  5.577  -89.870  11.824 0.1000000015
23690  26.753  -97.225  -0.923 0.1000000015
25273  7.366  -83.375  14.557 0.1000000015
25317  7.132  -81.542  15.740 0.1000000015
25402  6.298  -78.010  17.292 0.1000000015
25401  5.251  -77.521  16.068 0.1000000015
25403  6.227  -78.778  18.680 0.1000000015
25443  5.343  -76.067  17.659 0.1000000015
25792  21.132  -65.371  8.255 0.1000000015
25821  22.936  -64.762  8.194 0.1000000015
23691  25.393  -97.822  -0.454 0.1000000015
