#!ascii label  , from subject 32k_fs_LR vox2ras=TkReg
15
1600  17.026  -53.797  -2.606 0.0000000000
3764  13.505  -42.790  43.171 0.0000000000
13783  33.446  -69.694  36.358 0.0000000000
13831  33.210  -68.429  35.861 0.0000000000
14362  20.614  -62.559  41.355 0.0000000000
16237  40.781  -66.434  38.339 0.0000000000
19881  32.073  -3.033  -16.693 0.0000000000
21295  8.034  14.512  -17.997 0.0000000000
21324  5.976  19.591  -18.778 0.0000000000
25538  20.524  -61.069  0.604 0.0000000000
25816  27.385  -61.928  6.853 0.0000000000
25847  25.616  -62.357  7.555 0.0000000000
26529  23.779  -30.472  -18.909 0.0000000000
26533  25.733  -34.811  -14.686 0.0000000000
28455  15.535  42.589  2.556 0.0000000000
