#!ascii label  , from subject 164k_fs_LR vox2ras=TkReg
2197
119487  -40.896  -84.425  -7.977 0.1000000015
119579  -40.554  -85.119  -8.487 0.1000000015
119580  -39.960  -85.871  -8.660 0.1000000015
119669  -40.760  -84.891  -8.886 0.1000000015
119759  -40.275  -85.487  -9.458 0.1000000015
119846  -41.097  -84.441  -9.672 0.1000000015
119935  -39.826  -85.735  -10.487 0.1000000015
120020  -40.628  -84.913  -10.686 0.1000000015
120104  -41.429  -83.800  -11.012 0.1000000015
120105  -40.707  -84.753  -11.175 0.1000000015
120189  -40.800  -84.570  -11.684 0.1000000015
120188  -41.533  -83.603  -11.487 0.1000000015
120190  -40.079  -85.414  -11.944 0.1000000015
120272  -40.825  -84.423  -12.186 0.1000000015
120514  -41.739  -82.899  -13.028 0.1000000015
120273  -40.044  -85.347  -12.439 0.1000000015
120435  -40.789  -84.141  -13.085 0.1000000015
120354  -40.812  -84.304  -12.648 0.1000000015
119576  -41.879  -82.371  -8.230 0.1000000015
119578  -41.117  -84.219  -8.383 0.1000000015
119577  -41.493  -83.370  -8.344 0.1000000015
119756  -41.962  -82.777  -9.213 0.1000000015
119757  -41.508  -83.716  -9.237 0.1000000015
119844  -42.175  -82.459  -9.610 0.1000000015
119933  -41.230  -84.234  -10.053 0.1000000015
120018  -42.031  -82.971  -10.482 0.1000000015
120103  -42.147  -82.734  -10.906 0.1000000015
120271  -41.616  -83.430  -11.935 0.1000000015
120971  -41.946  -78.446  -12.686 0.1000000015
120898  -42.040  -79.697  -13.357 0.1000000015
120823  -42.300  -80.042  -13.336 0.1000000015
120747  -42.499  -80.467  -13.243 0.1000000015
120671  -41.746  -82.138  -13.512 0.1000000015
120593  -41.770  -82.563  -13.333 0.1000000015
120434  -41.684  -83.136  -12.721 0.1000000015
119392  -41.607  -81.817  -7.204 0.1000000015
119664  -42.592  -79.901  -8.351 0.2000000030
119574  -42.315  -80.258  -7.925 0.2000000030
119484  -41.870  -81.597  -7.642 0.1000000015
119753  -42.844  -79.537  -8.760 0.1000000015
119754  -42.655  -80.663  -8.914 0.1000000015
119575  -42.158  -81.315  -8.076 0.1000000015
119842  -42.854  -80.324  -9.330 0.1000000015
119755  -42.377  -81.740  -9.108 0.1000000015
121183  -40.265  -73.126  -10.082 0.1000000015
121184  -40.490  -74.242  -10.606 0.1000000015
119929  -43.092  -79.980  -9.723 0.1000000015
119930  -42.843  -81.062  -9.928 0.1000000015
119931  -42.412  -82.142  -10.023 0.1000000015
121255  -40.385  -74.763  -11.133 0.1000000015
121113  -40.819  -74.759  -10.641 0.1000000015
121041  -41.192  -75.194  -10.677 0.1000000015
120969  -41.811  -76.564  -11.321 0.1000000015
120895  -42.202  -76.887  -11.325 0.1000000015
120016  -43.020  -80.806  -10.322 0.1000000015
120102  -42.781  -81.659  -10.828 0.1000000015
120187  -42.271  -82.554  -11.336 0.1000000015
121042  -41.420  -76.181  -11.289 0.1000000015
120896  -42.317  -77.858  -12.008 0.1000000015
120821  -42.728  -78.114  -12.020 0.1000000015
120590  -43.654  -78.824  -11.841 0.1000000015
120270  -42.398  -82.386  -11.742 0.1000000015
121043  -41.562  -77.151  -11.971 0.1000000015
120897  -42.282  -78.760  -12.746 0.1000000015
120668  -43.454  -78.568  -11.933 0.1000000015
120512  -43.399  -80.448  -12.237 0.1000000015
120513  -42.706  -81.726  -12.680 0.1000000015
120822  -42.633  -79.065  -12.755 0.1000000015
120746  -42.954  -79.395  -12.715 0.1000000015
120669  -43.238  -79.736  -12.609 0.1000000015
120592  -42.738  -81.347  -12.902 0.1000000015
120433  -42.602  -82.011  -12.402 0.1000000015
120353  -41.643  -83.300  -12.358 0.1000000015
119663  -42.689  -78.791  -8.160 0.1000000015
119573  -42.386  -79.190  -7.764 0.2000000030
119391  -41.730  -80.827  -7.096 0.1000000015
119297  -41.487  -80.165  -6.545 0.2000000030
119203  -41.353  -80.308  -6.093 0.2000000030
119752  -42.973  -78.405  -8.536 0.1000000015
119841  -43.044  -79.179  -9.141 0.1000000015
121322  -39.827  -71.861  -10.092 0.1000000015
121253  -40.029  -72.508  -10.061 0.1000000015
120015  -43.335  -79.690  -10.067 0.1000000015
120100  -43.516  -79.414  -10.360 0.1000000015
120968  -41.580  -75.557  -10.719 0.1000000015
120894  -41.987  -75.865  -10.749 0.1000000015
120101  -43.198  -80.564  -10.656 0.1000000015
120819  -42.409  -76.123  -10.764 0.1000000015
120744  -43.099  -77.317  -11.353 0.1000000015
120510  -43.889  -77.886  -11.164 0.1000000015
120431  -43.731  -79.444  -11.535 0.1000000015
120351  -43.204  -81.017  -11.797 0.1000000015
120186  -42.923  -81.452  -11.168 0.1000000015
120432  -43.332  -80.781  -12.025 0.1000000015
120352  -42.484  -82.225  -12.087 0.1000000015
119661  -42.968  -76.734  -7.581 0.1000000015
119571  -42.602  -77.133  -7.280 0.1000000015
119750  -43.331  -76.363  -7.881 0.1000000015
119572  -42.462  -78.124  -7.537 0.1000000015
119481  -42.118  -78.534  -7.155 0.2000000030
119389  -41.786  -78.926  -6.761 0.2000000030
119296  -41.510  -79.206  -6.372 0.2000000030
119202  -41.350  -79.419  -5.973 0.2000000030
119840  -43.247  -78.053  -8.897 0.1000000015
119839  -43.470  -77.013  -8.559 0.1000000015
119927  -43.537  -77.732  -9.246 0.1000000015
120014  -43.582  -78.510  -9.793 0.1000000015
121182  -40.076  -71.940  -9.605 0.1000000015
121039  -40.694  -73.062  -9.663 0.1000000015
120966  -41.030  -73.536  -9.662 0.1000000015
120892  -41.441  -73.920  -9.669 0.1000000015
119928  -43.299  -78.842  -9.490 0.1000000015
120099  -43.752  -78.200  -10.046 0.1000000015
121390  -39.653  -71.188  -10.151 0.1000000015
121321  -39.638  -70.679  -9.691 0.1000000015
121112  -40.578  -73.704  -10.109 0.1000000015
121040  -40.933  -74.192  -10.132 0.1000000015
120818  -42.107  -75.157  -10.195 0.1000000015
120742  -42.550  -75.343  -10.184 0.1000000015
120666  -43.299  -76.492  -10.736 0.1000000015
120428  -43.986  -76.173  -10.062 0.1000000015
120348  -44.031  -77.419  -10.378 0.1000000015
120266  -43.916  -77.726  -10.279 0.1000000015
120184  -43.673  -79.138  -10.595 0.1000000015
121457  -39.531  -70.463  -10.238 0.1000000015
120743  -42.857  -76.321  -10.757 0.1000000015
120509  -43.912  -76.916  -10.618 0.1000000015
120430  -43.902  -78.169  -11.045 0.1000000015
120349  -43.862  -78.498  -10.914 0.1000000015
120268  -43.546  -80.036  -11.191 0.1000000015
121523  -39.485  -69.690  -10.334 0.1000000015
121653  -39.643  -69.303  -10.933 0.1000000015
121716  -39.800  -68.506  -11.000 0.1000000015
119837  -43.898  -75.135  -7.734 0.1000000015
120010  -44.286  -74.583  -8.235 0.1000000015
119924  -44.159  -74.832  -7.987 0.1000000015
119570  -42.847  -76.173  -6.963 0.1000000015
119480  -42.231  -77.541  -6.936 0.1000000015
119388  -41.876  -77.926  -6.559 0.2000000030
119925  -43.937  -75.691  -8.412 0.1000000015
119838  -43.660  -76.013  -8.157 0.1000000015
119295  -41.605  -78.211  -6.207 0.2000000030
120095  -44.268  -74.390  -8.465 0.1000000015
120011  -44.095  -75.456  -8.650 0.1000000015
121320  -39.432  -69.295  -9.246 0.1000000015
121251  -39.595  -70.009  -9.194 0.1000000015
121181  -39.810  -70.692  -9.173 0.1000000015
121038  -40.383  -71.856  -9.150 0.1000000015
120965  -40.706  -72.410  -9.177 0.1000000015
120179  -44.125  -74.203  -8.630 0.1000000015
120180  -44.108  -74.988  -8.973 0.1000000015
120012  -43.951  -76.400  -9.093 0.1000000015
120013  -43.769  -77.429  -9.493 0.1000000015
121252  -39.841  -71.339  -9.642 0.1000000015
120817  -41.849  -74.224  -9.670 0.1000000015
120663  -42.369  -73.814  -9.163 0.1000000015
120664  -42.664  -74.631  -9.629 0.1000000015
120347  -44.056  -76.423  -9.976 0.1000000015
120182  -44.002  -76.880  -9.770 0.1000000015
121388  -39.320  -68.546  -9.313 0.1000000015
120741  -42.238  -74.440  -9.659 0.1000000015
120586  -43.148  -74.806  -9.566 0.1000000015
120508  -43.784  -75.923  -10.120 0.1000000015
120265  -44.047  -76.645  -9.878 0.1000000015
120183  -43.844  -77.952  -10.196 0.1000000015
121389  -39.488  -69.950  -9.750 0.1000000015
121456  -39.416  -69.187  -9.818 0.1000000015
121588  -39.513  -68.880  -10.424 0.1000000015
121840  -40.250  -67.984  -11.613 0.1000000015
119660  -43.221  -75.832  -7.237 0.1000000015
120009  -44.420  -73.844  -7.932 0.1000000015
119748  -43.905  -74.697  -7.185 0.1000000015
119479  -42.447  -76.485  -6.667 0.1000000015
120178  -44.005  -73.397  -8.159 0.1000000015
119569  -43.211  -75.313  -6.675 0.1000000015
119387  -42.095  -76.845  -6.358 0.1000000015
120344  -43.614  -73.756  -8.684 0.1000000015
120262  -43.898  -73.978  -8.656 0.1000000015
119294  -41.798  -77.159  -6.024 0.2000000030
121110  -40.079  -71.286  -9.147 0.1000000015
120426  -43.613  -74.338  -9.111 0.1000000015
120345  -43.838  -74.531  -9.107 0.1000000015
119293  -42.099  -76.183  -5.865 0.1000000015
119200  -41.567  -77.418  -5.668 0.2000000030
121180  -39.590  -69.380  -8.737 0.1000000015
120891  -41.071  -72.892  -9.199 0.1000000015
120740  -41.928  -73.584  -9.177 0.1000000015
120585  -42.822  -74.022  -9.158 0.1000000015
120506  -43.251  -74.191  -9.133 0.1000000015
120427  -43.810  -75.184  -9.579 0.1000000015
121455  -39.252  -67.732  -9.342 0.1000000015
121522  -39.396  -68.376  -9.892 0.1000000015
121652  -39.622  -68.018  -10.508 0.1000000015
121715  -39.777  -67.110  -10.573 0.1000000015
121778  -40.038  -67.616  -11.094 0.1000000015
120177  -43.705  -72.534  -7.630 0.1000000015
120093  -44.138  -72.724  -7.575 0.1000000015
120008  -44.530  -72.957  -7.468 0.1000000015
120260  -43.252  -72.361  -7.654 0.1000000015
120094  -44.270  -73.631  -8.091 0.1000000015
119922  -44.650  -73.217  -7.312 0.1000000015
119659  -43.568  -75.022  -6.930 0.1000000015
120261  -43.667  -73.184  -8.184 0.1000000015
119747  -44.315  -73.824  -6.882 0.1000000015
119478  -42.813  -75.586  -6.424 0.1000000015
120505  -42.852  -73.414  -8.709 0.1000000015
120343  -43.234  -72.995  -8.217 0.1000000015
119568  -43.603  -74.526  -6.424 0.1000000015
121250  -39.396  -68.647  -8.745 0.1000000015
121109  -39.804  -70.042  -8.714 0.1000000015
120890  -40.667  -71.821  -8.647 0.1000000015
120815  -41.039  -72.294  -8.651 0.1000000015
120739  -41.477  -72.678  -8.675 0.1000000015
120584  -42.403  -73.216  -8.700 0.1000000015
120425  -43.267  -73.560  -8.709 0.1000000015
119477  -43.200  -74.838  -6.194 0.1000000015
119386  -42.428  -75.900  -6.157 0.1000000015
121319  -39.258  -67.888  -8.751 0.1000000015
120816  -41.482  -73.273  -9.199 0.1000000015
119199  -41.849  -76.419  -5.531 0.1000000015
121521  -39.237  -66.873  -9.377 0.1000000015
121587  -39.424  -67.500  -9.962 0.1000000015
121651  -39.500  -66.565  -10.014 0.1000000015
121838  -40.126  -65.163  -10.700 0.1000000015
121777  -39.972  -66.151  -10.662 0.1000000015
121899  -40.523  -65.665  -11.317 0.1000000015
120176  -43.359  -71.684  -7.090 0.1000000015
120092  -43.829  -71.887  -7.068 0.1000000015
120007  -44.234  -72.120  -7.039 0.1000000015
120259  -42.864  -71.480  -7.130 0.1000000015
119921  -44.501  -72.399  -6.957 0.1000000015
120342  -42.790  -72.175  -7.689 0.1000000015
120341  -42.351  -71.253  -7.182 0.1000000015
119746  -44.565  -73.010  -6.607 0.1000000015
119658  -43.993  -74.173  -6.647 0.1000000015
120504  -42.335  -72.593  -8.254 0.1000000015
120423  -42.308  -71.943  -7.733 0.1000000015
119657  -44.356  -73.322  -6.357 0.1000000015
121249  -39.219  -67.211  -8.137 0.1000000015
120964  -40.353  -71.273  -8.652 0.1000000015
120738  -40.995  -71.569  -8.156 0.1000000015
120583  -41.874  -72.319  -8.240 0.1000000015
120503  -41.839  -71.650  -7.749 0.1000000015
119567  -43.990  -73.663  -6.129 0.1000000015
119385  -42.813  -75.119  -5.968 0.1000000015
121387  -39.169  -67.059  -8.740 0.1000000015
121179  -39.372  -67.987  -8.170 0.1000000015
121108  -39.567  -68.706  -8.182 0.1000000015
120963  -40.030  -70.007  -8.174 0.1000000015
120889  -40.337  -70.630  -8.158 0.1000000015
119384  -43.169  -74.342  -5.771 0.1000000015
121454  -39.127  -66.202  -8.743 0.1000000015
121585  -39.269  -64.571  -8.749 0.1000000015
121520  -39.167  -65.381  -8.742 0.1000000015
121713  -39.521  -64.195  -9.395 0.1000000015
121650  -39.376  -65.104  -9.404 0.1000000015
121776  -39.767  -64.670  -10.056 0.1000000015
121898  -40.261  -64.157  -10.737 0.1000000015
121837  -39.934  -63.710  -10.070 0.1000000015
120502  -41.417  -70.617  -7.213 0.1000000015
120422  -41.863  -70.968  -7.210 0.1000000015
120006  -43.865  -71.297  -6.642 0.1000000015
120581  -41.004  -70.190  -7.222 0.1000000015
119920  -44.246  -71.587  -6.610 0.1000000015
120813  -40.292  -69.931  -7.744 0.1000000015
120737  -40.603  -70.471  -7.757 0.1000000015
120660  -40.969  -70.891  -7.747 0.1000000015
119745  -44.681  -72.212  -6.363 0.1000000015
121318  -39.131  -66.365  -8.105 0.1000000015
121036  -39.775  -69.358  -8.179 0.1000000015
120814  -40.649  -71.139  -8.144 0.1000000015
119566  -44.313  -72.836  -5.904 0.1000000015
121386  -39.100  -65.524  -8.083 0.1000000015
119476  -43.576  -74.022  -5.941 0.1000000015
119291  -42.796  -74.600  -5.609 0.1000000015
121453  -39.157  -64.780  -8.069 0.1000000015
121649  -39.412  -63.717  -8.748 0.1000000015
121712  -39.567  -62.848  -8.742 0.1000000015
121775  -39.709  -63.273  -9.423 0.1000000015
121836  -39.885  -62.353  -9.487 0.1000000015
120091  -43.439  -71.023  -6.655 0.1000000015
121178  -39.242  -66.473  -7.553 0.1000000015
120962  -39.741  -68.674  -7.689 0.1000000015
120888  -39.990  -69.340  -7.711 0.1000000015
120659  -40.644  -69.725  -7.227 0.1000000015
121385  -39.249  -64.171  -7.463 0.1000000015
121317  -39.200  -64.930  -7.481 0.1000000015
121248  -39.197  -65.684  -7.521 0.1000000015
121107  -39.358  -67.239  -7.584 0.1000000015
121035  -39.526  -67.976  -7.656 0.1000000015
119656  -44.599  -72.514  -6.143 0.1000000015
121519  -39.247  -64.010  -8.087 0.1000000015
121584  -39.392  -63.204  -8.071 0.1000000015
121583  -39.611  -61.871  -7.389 0.1000000015
121648  -39.527  -62.364  -8.050 0.1000000015
121711  -39.665  -61.483  -8.058 0.1000000015
121774  -39.732  -61.905  -8.772 0.1000000015
121835  -39.873  -61.076  -8.851 0.1000000015
120501  -41.132  -69.469  -6.737 0.1000000015
120340  -41.982  -70.234  -6.726 0.1000000015
120175  -42.992  -70.768  -6.677 0.1000000015
120090  -43.095  -70.211  -6.281 0.1000000015
120580  -40.772  -68.978  -6.742 0.1000000015
120736  -40.321  -69.188  -7.207 0.1000000015
121452  -39.348  -63.398  -7.446 0.1000000015
121518  -39.479  -62.656  -7.412 0.1000000015
121773  -39.814  -60.667  -8.128 0.1000000015
121895  -40.002  -60.324  -8.972 0.1000000015
120421  -41.538  -69.883  -6.732 0.1000000015
120174  -42.697  -69.919  -6.296 0.1000000015
120658  -40.466  -68.432  -6.716 0.1000000015
121247  -39.384  -64.349  -6.905 0.1000000015
121177  -39.364  -65.066  -6.943 0.1000000015
121034  -39.487  -66.611  -7.057 0.1000000015
120961  -39.629  -67.317  -7.113 0.1000000015
120812  -40.023  -68.580  -7.164 0.1000000015
121451  -39.707  -62.161  -6.785 0.1000000015
121647  -39.766  -61.043  -7.389 0.1000000015
121710  -39.951  -60.275  -7.451 0.1000000015
121834  -39.986  -59.928  -8.244 0.1000000015
121894  -40.132  -59.208  -8.401 0.1000000015
120500  -40.999  -68.294  -6.323 0.1000000015
120811  -40.026  -67.259  -6.596 0.1000000015
120735  -40.221  -67.852  -6.659 0.1000000015
121316  -39.437  -63.624  -6.859 0.1000000015
121176  -39.707  -63.830  -6.358 0.1000000015
121106  -39.392  -65.827  -7.000 0.1000000015
120960  -39.715  -65.971  -6.521 0.1000000015
120886  -39.853  -66.643  -6.558 0.1000000015
121384  -39.541  -62.919  -6.805 0.1000000015
121772  -40.141  -59.558  -7.571 0.1000000015
121771  -40.629  -58.587  -7.125 0.1000000015
121833  -40.307  -58.864  -7.734 0.1000000015
120810  -40.156  -66.017  -6.156 0.1000000015
121105  -39.669  -64.519  -6.376 0.1000000015
121033  -39.648  -65.224  -6.426 0.1000000015
121383  -40.046  -61.683  -6.256 0.1000000015
121517  -39.873  -61.396  -6.760 0.1000000015
121582  -40.053  -60.657  -6.761 0.1000000015
121709  -40.438  -59.277  -6.925 0.1000000015
121708  -41.081  -58.323  -6.615 0.1000000015
121315  -39.894  -62.415  -6.282 0.1000000015
121450  -40.240  -60.965  -6.208 0.1000000015
121516  -40.455  -60.283  -6.219 0.1000000015
121646  -40.252  -59.937  -6.831 0.1000000015
121645  -40.844  -58.964  -6.422 0.1000000015
121644  -41.717  -58.157  -6.270 0.1000000015
121580  -41.456  -58.754  -6.077 0.1000000015
121581  -40.659  -59.622  -6.298 0.1000000015
121515  -41.183  -59.389  -5.923 0.1000000015
119670  -40.134  -85.670  -9.047 0.1000000015
119758  -40.947  -84.649  -9.310 0.1000000015
119847  -40.412  -85.301  -9.844 0.1000000015
119845  -41.651  -83.463  -9.630 0.1000000015
119934  -40.563  -85.096  -10.201 0.1000000015
120019  -41.343  -84.010  -10.541 0.1000000015
119667  -41.744  -83.077  -8.787 0.1000000015
119666  -42.175  -82.046  -8.678 0.1000000015
119668  -41.305  -83.987  -8.805 0.1000000015
119843  -42.593  -81.418  -9.526 0.1000000015
119932  -41.842  -83.213  -10.048 0.1000000015
120017  -42.620  -81.882  -10.435 0.1000000015
120824  -41.554  -81.155  -13.678 0.1000000015
120670  -42.655  -80.907  -13.093 0.1000000015
120748  -41.675  -81.647  -13.616 0.1000000015
119483  -42.016  -80.589  -7.492 0.1000000015
119665  -42.437  -80.996  -8.497 0.1000000015
121111  -40.362  -72.522  -9.624 0.1000000015
120967  -41.321  -74.585  -10.164 0.1000000015
120820  -42.646  -77.130  -11.353 0.1000000015
120970  -41.930  -77.522  -11.991 0.1000000015
120745  -43.115  -78.335  -12.000 0.1000000015
120589  -43.774  -77.648  -11.232 0.1000000015
120511  -43.742  -79.119  -11.712 0.1000000015
120591  -43.390  -80.072  -12.428 0.1000000015
120269  -43.063  -81.239  -11.508 0.1000000015
119662  -42.792  -77.718  -7.867 0.1000000015
119482  -42.063  -79.568  -7.334 0.2000000030
119390  -41.754  -79.890  -6.936 0.2000000030
119751  -43.135  -77.357  -8.214 0.1000000015
120185  -43.402  -80.308  -10.893 0.1000000015
120893  -41.703  -74.913  -10.179 0.1000000015
120588  -43.672  -76.688  -10.688 0.1000000015
120429  -44.019  -77.157  -10.512 0.1000000015
120350  -43.655  -79.743  -11.394 0.1000000015
119926  -43.777  -76.660  -8.879 0.1000000015
120665  -43.008  -75.530  -10.178 0.1000000015
120587  -43.451  -75.713  -10.163 0.1000000015
120267  -43.790  -78.867  -10.773 0.1000000015
121589  -39.607  -70.088  -10.839 0.1000000015
119836  -44.237  -74.336  -7.442 0.1000000015
119749  -43.559  -75.477  -7.484 0.1000000015
120096  -44.146  -75.219  -8.829 0.1000000015
120097  -44.039  -76.160  -9.255 0.1000000015
120346  -43.977  -75.402  -9.550 0.1000000015
120181  -44.064  -75.909  -9.374 0.1000000015
120098  -43.925  -77.137  -9.651 0.1000000015
120507  -43.535  -74.988  -9.578 0.1000000015
119292  -42.461  -75.361  -5.736 0.1000000015
121714  -39.622  -65.606  -10.044 0.1000000015
121839  -40.304  -66.705  -11.227 0.1000000015
120424  -42.792  -72.808  -8.239 0.1000000015
121586  -39.263  -65.976  -9.417 0.1000000015
120661  -41.411  -71.968  -8.204 0.1000000015
120582  -41.385  -71.290  -7.742 0.1000000015
121896  -40.038  -61.490  -9.551 0.1000000015
120887  -39.795  -67.917  -7.121 0.1000000015
116279  -42.716  -75.116  4.969 0.5000000000
116882  -44.140  -80.400  2.172 0.5000000000
116764  -44.308  -79.800  2.529 0.5000000000
116278  -42.169  -74.471  5.015 0.5000000000
116400  -41.999  -75.146  4.566 0.5000000000
116401  -42.531  -75.841  4.485 0.5000000000
116881  -43.847  -79.635  2.088 0.5000000000
116153  -41.317  -72.581  5.022 0.5000000000
116154  -41.784  -73.175  5.197 0.5000000000
116399  -41.488  -74.463  4.629 0.5000000000
116880  -43.450  -78.883  2.127 0.5000000000
116277  -41.617  -73.809  4.980 0.5000000000
116276  -41.147  -73.159  4.847 0.5000000000
116519  -40.855  -74.338  4.147 0.5000000000
116518  -40.405  -73.625  4.057 0.4000000060
117339  -42.467  -78.956  0.670 0.5000000000
117451  -42.218  -78.894  0.268 0.5000000000
117450  -41.874  -78.080  0.286 0.5000000000
117561  -41.729  -78.096  -0.129 0.5000000000
117779  -41.316  -77.359  -1.028 0.5000000000
117670  -41.297  -77.306  -0.585 0.5000000000
117885  -41.009  -75.792  -1.549 0.4000000060
117991  -41.043  -75.120  -1.999 0.4000000060
116287  -45.661  -80.526  4.756 0.1000000015
116647  -44.869  -80.582  3.063 0.5000000000
116155  -42.323  -73.786  5.301 0.5000000000
116156  -42.883  -74.398  5.339 0.5000000000
116280  -43.269  -75.785  4.906 0.5000000000
116402  -43.126  -76.497  4.355 0.4000000060
116030  -41.947  -72.600  5.314 0.5000000000
116031  -42.490  -73.147  5.467 0.5000000000
116028  -41.061  -71.467  4.985 0.5000000000
115902  -40.846  -70.271  4.922 0.5000000000
116027  -40.695  -70.844  4.829 0.5000000000
116152  -40.882  -71.999  4.836 0.5000000000
116026  -40.343  -70.229  4.643 0.4000000060
116151  -40.496  -71.364  4.661 0.3000000119
116275  -40.756  -72.530  4.656 0.5000000000
116396  -40.240  -72.451  4.226 0.4000000060
116274  -40.367  -71.877  4.450 0.3000000119
116758  -40.758  -75.444  3.172 0.6999999881
116759  -41.257  -76.180  3.064 0.5000000000
116150  -40.182  -70.748  4.489 0.3000000119
116272  -39.792  -70.589  4.086 0.3000000119
116395  -39.916  -71.701  4.019 0.3000000119
116517  -40.074  -72.976  3.917 0.4000000060
116757  -40.300  -74.679  3.169 0.5000000000
116876  -40.811  -75.899  2.623 0.6000000238
116877  -41.407  -76.619  2.523 0.6000000238
116879  -42.821  -78.083  2.263 0.6000000238
116997  -43.449  -79.445  1.726 0.5000000000
117226  -42.754  -79.059  1.037 0.3000000119
116394  -39.678  -71.064  3.842 0.3000000119
116516  -39.776  -72.255  3.744 0.3000000119
116873  -39.630  -73.662  2.550 0.4000000060
116991  -40.024  -74.855  2.183 0.5000000000
116993  -41.036  -76.363  2.163 0.6000000238
117109  -41.392  -76.832  1.657 0.6000000238
117225  -42.263  -78.223  1.064 0.5000000000
117338  -42.059  -78.121  0.679 0.5000000000
116635  -39.435  -71.957  3.206 0.4000000060
116754  -39.339  -72.370  2.796 0.4000000060
116990  -39.729  -74.134  2.139 0.5000000000
117107  -40.205  -75.289  1.751 0.5000000000
117223  -41.168  -76.617  1.220 0.5000000000
117337  -41.611  -77.314  0.704 0.5000000000
116752  -39.154  -71.165  2.556 0.4000000060
116871  -39.245  -72.172  2.272 0.4000000060
117104  -39.439  -73.157  1.539 0.5000000000
117220  -39.726  -74.156  1.290 0.5000000000
117335  -40.313  -75.325  0.807 0.4000000060
117448  -40.927  -76.310  0.345 0.5000000000
117560  -41.350  -77.244  -0.144 0.5000000000
116987  -39.231  -72.064  1.800 0.4000000060
117218  -39.468  -72.904  1.035 0.5000000000
117334  -39.928  -74.481  0.836 0.5000000000
117447  -40.317  -75.124  0.332 0.4000000060
117668  -40.669  -75.492  -0.605 0.4000000060
117669  -40.940  -76.394  -0.610 0.5000000000
117443  -39.710  -72.687  0.070 0.5000000000
117556  -40.073  -73.786  -0.292 0.4000000060
117776  -40.707  -74.883  -1.072 0.4000000060
117884  -40.883  -74.991  -1.557 0.4000000060
117554  -39.885  -72.680  -0.430 0.3000000119
117665  -40.178  -73.309  -0.788 0.4000000060
117882  -40.686  -73.562  -1.614 0.3000000119
117988  -40.896  -72.913  -2.073 0.3000000119
118095  -41.136  -73.692  -2.471 0.3000000119
116042  -46.001  -80.222  6.024 0.1000000015
116166  -45.286  -81.077  5.557 0.1000000015
116041  -46.436  -79.495  5.772 0.1000000015
116165  -45.845  -80.378  5.397 0.1000000015
116286  -45.907  -79.790  4.550 0.4000000060
116528  -45.172  -80.614  3.566 0.4000000060
116527  -45.149  -79.903  3.453 0.5000000000
116407  -45.529  -79.886  3.963 0.4000000060
116526  -44.876  -79.180  3.417 0.5000000000
116646  -44.738  -79.870  2.987 0.5000000000
116032  -43.043  -73.717  5.576 0.5000000000
116033  -43.616  -74.309  5.620 0.5000000000
116157  -43.469  -75.028  5.322 0.5000000000
116645  -44.399  -79.119  2.955 0.5000000000
115905  -42.104  -72.053  5.389 0.5000000000
115906  -42.606  -72.565  5.535 0.5000000000
115907  -43.194  -73.083  5.685 0.5000000000
115778  -41.779  -70.914  5.323 0.5000000000
115904  -41.652  -71.498  5.244 0.5000000000
116524  -43.785  -77.739  3.618 0.6000000238
115776  -40.976  -69.738  5.027 0.4000000060
115900  -40.225  -69.136  4.605 0.2000000030
115899  -40.008  -68.571  4.449 0.2000000030
116025  -40.053  -69.618  4.467 0.3000000119
116393  -39.496  -70.473  3.678 0.3000000119
116513  -39.298  -70.332  3.239 0.4000000060
116023  -39.676  -68.429  4.085 0.3000000119
116270  -39.455  -69.404  3.731 0.3000000119
116146  -39.427  -68.294  3.699 0.3000000119
116390  -39.236  -68.623  3.057 0.4000000060
116632  -39.181  -70.159  2.757 0.4000000060
116511  -39.182  -69.078  2.824 0.3000000119
116750  -39.143  -69.989  2.279 0.4000000060
116986  -39.187  -71.443  1.651 0.4000000060
117101  -39.221  -71.286  1.148 0.4000000060
116749  -39.165  -69.349  2.092 0.3000000119
116983  -39.251  -69.647  1.265 0.3000000119
117214  -39.307  -70.591  0.501 0.3000000119
117330  -39.506  -72.198  0.424 0.4000000060
117327  -39.457  -70.519  0.018 0.3000000119
117552  -39.815  -71.526  -0.637 0.3000000119
117664  -40.127  -72.719  -0.876 0.4000000060
117773  -40.396  -72.797  -1.292 0.3000000119
117549  -40.019  -69.840  -0.951 0.2000000030
117660  -40.202  -70.426  -1.187 0.2000000030
117771  -40.387  -71.668  -1.400 0.3000000119
117987  -40.917  -72.281  -2.118 0.3000000119
117767  -40.710  -69.126  -1.775 0.1000000015
117877  -40.772  -70.426  -1.906 0.2000000030
117879  -40.680  -71.693  -1.774 0.4000000060
118084  -42.922  -66.661  -2.675 0.1000000015
116164  -46.194  -79.662  5.163 0.1000000015
116040  -46.716  -78.771  5.507 0.2000000030
116163  -46.332  -78.953  4.954 0.5000000000
116285  -45.894  -79.081  4.414 0.4000000060
116406  -45.414  -79.161  3.876 0.4000000060
115909  -44.344  -74.211  5.848 0.5000000000
116034  -44.212  -74.917  5.602 0.4000000060
116035  -44.802  -75.532  5.509 0.4000000060
116282  -44.487  -77.107  4.556 0.4000000060
116404  -44.435  -77.746  4.010 0.5000000000
116405  -45.016  -78.425  3.866 0.5000000000
115780  -42.761  -71.998  5.603 0.5000000000
115781  -43.298  -72.483  5.739 0.5000000000
115908  -43.743  -73.625  5.786 0.4000000060
116525  -44.410  -78.427  3.438 0.4000000060
74619  -41.496  -69.826  5.299 0.4000000060
74618  -41.912  -70.331  5.410 0.4000000060
115779  -42.257  -71.492  5.470 0.5000000000
74747  -41.214  -68.883  5.368 0.4000000060
115777  -41.370  -70.330  5.184 0.5000000000
74620  -41.108  -69.282  5.199 0.4000000060
74748  -40.914  -68.391  5.268 0.3000000119
74621  -40.798  -68.776  5.095 0.3000000119
115773  -40.147  -68.133  4.661 0.3000000119
74624  -40.079  -67.130  4.664 0.2000000030
116022  -39.570  -67.812  3.899 0.2000000030
74625  -39.977  -66.547  4.488 0.1000000015
115896  -39.626  -66.758  3.895 0.3000000119
115895  -39.656  -66.135  3.690 0.1000000015
116144  -39.401  -66.990  3.284 0.3000000119
116389  -39.243  -67.951  2.825 0.3000000119
116019  -39.617  -65.915  3.273 0.2000000030
116143  -39.474  -66.342  3.055 0.2000000030
116508  -39.351  -67.074  2.158 0.2000000030
116865  -39.322  -68.531  1.384 0.2000000030
117097  -39.504  -68.891  0.582 0.2000000030
116745  -39.608  -66.735  1.182 0.2000000030
117096  -39.632  -68.226  0.385 0.2000000030
117211  -39.670  -68.774  0.087 0.2000000030
116862  -39.791  -66.589  0.731 0.2000000030
117209  -40.021  -67.467  -0.209 0.1000000015
117437  -39.899  -69.273  -0.684 0.2000000030
117658  -40.426  -69.190  -1.440 0.2000000030
117320  -40.886  -66.236  -0.821 0.1000000015
117434  -40.556  -67.410  -0.966 0.1000000015
117765  -41.189  -67.907  -1.863 0.1000000015
117874  -41.198  -68.453  -2.139 0.1000000015
117543  -41.605  -66.218  -1.440 0.1000000015
117654  -41.557  -66.761  -1.651 0.1000000015
117873  -41.470  -67.870  -2.144 0.1000000015
117762  -42.315  -66.231  -1.985 0.1000000015
117978  -42.549  -66.710  -2.447 0.1000000015
118083  -43.406  -66.238  -2.723 0.1000000015
118186  -44.819  -65.487  -3.168 0.1000000015
116039  -46.727  -78.126  5.340 0.3000000119
74607  -47.685  -76.419  6.793 0.3000000119
115788  -47.232  -76.568  6.283 0.3000000119
116038  -46.453  -77.493  5.331 0.3000000119
116162  -46.171  -78.332  4.759 0.3000000119
116284  -45.603  -78.401  4.335 0.4000000060
74609  -46.908  -75.134  6.605 0.3000000119
115913  -46.639  -76.705  5.826 0.3000000119
116161  -45.803  -77.647  4.852 0.5000000000
74612  -45.126  -73.423  6.188 0.4000000060
115785  -45.658  -74.667  6.127 0.5000000000
115911  -45.522  -75.392  5.832 0.4000000060
116036  -45.338  -76.188  5.439 0.4000000060
116283  -45.111  -77.734  4.400 0.5000000000
74869  -42.939  -70.551  5.898 0.4000000060
74742  -43.444  -71.476  5.887 0.4000000060
74614  -43.949  -72.407  5.949 0.5000000000
115782  -43.839  -72.974  5.877 0.5000000000
75120  -42.253  -68.928  6.218 0.4000000060
74996  -42.163  -69.201  5.995 0.4000000060
74870  -42.478  -70.042  5.837 0.4000000060
74743  -42.913  -70.942  5.750 0.5000000000
74997  -41.794  -68.705  5.890 0.4000000060
74872  -41.673  -68.991  5.657 0.4000000060
75121  -41.927  -68.485  6.104 0.4000000060
75245  -41.800  -67.805  6.154 0.3000000119
74874  -41.056  -68.017  5.433 0.3000000119
75000  -40.970  -67.206  5.495 0.3000000119
74875  -40.802  -67.504  5.312 0.3000000119
75001  -40.788  -66.646  5.348 0.3000000119
74876  -40.598  -66.943  5.162 0.2000000030
74879  -40.432  -65.253  4.740 0.1000000015
74627  -40.025  -65.375  4.159 0.1000000015
115893  -39.980  -64.890  3.333 0.1000000015
116018  -39.789  -65.278  3.089 0.1000000015
116264  -39.705  -65.543  2.437 0.2000000030
116017  -40.051  -64.686  2.925 0.1000000015
116141  -39.861  -65.089  2.682 0.1000000015
116507  -39.514  -66.433  1.930 0.2000000030
116263  -39.979  -64.936  2.247 0.2000000030
116625  -39.928  -65.587  1.212 0.2000000030
116861  -40.071  -65.933  0.509 0.1000000015
116860  -40.415  -65.377  0.358 0.1000000015
117092  -40.627  -65.763  -0.233 0.1000000015
117091  -41.018  -65.247  -0.369 0.1000000015
117431  -41.655  -65.715  -1.229 0.1000000015
117653  -41.973  -66.220  -1.701 0.1000000015
117541  -42.503  -65.227  -1.599 0.1000000015
117651  -42.903  -65.277  -1.885 0.1000000015
117868  -43.690  -65.352  -2.436 0.1000000015
117867  -44.250  -65.033  -2.537 0.1000000015
117974  -44.649  -65.099  -2.801 0.1000000015
118079  -45.707  -64.976  -3.200 0.1000000015
118288  -46.457  -65.189  -3.748 0.1000000015
118391  -46.895  -65.284  -4.041 0.1000000015
118492  -48.083  -65.090  -4.403 0.1000000015
74733  -48.053  -76.326  7.356 0.3000000119
74732  -48.029  -76.924  7.551 0.2000000030
74735  -47.498  -75.088  7.083 0.3000000119
74736  -46.995  -74.493  6.903 0.4000000060
74862  -47.033  -73.893  7.123 0.3000000119
74993  -43.506  -70.687  6.242 0.3000000119
74868  -43.462  -71.060  6.018 0.3000000119
74867  -44.016  -71.539  6.174 0.4000000060
74865  -45.187  -72.434  6.501 0.4000000060
74863  -46.463  -73.405  6.895 0.3000000119
75242  -42.746  -69.126  6.570 0.3000000119
74994  -43.021  -70.197  6.166 0.3000000119
74990  -45.190  -72.007  6.681 0.4000000060
74864  -45.822  -72.886  6.664 0.4000000060
74988  -46.426  -72.881  7.073 0.3000000119
75487  -42.412  -67.771  6.720 0.3000000119
75243  -42.410  -68.704  6.434 0.3000000119
75366  -42.250  -68.079  6.511 0.3000000119
75488  -42.116  -67.324  6.600 0.3000000119
75367  -41.936  -67.592  6.374 0.3000000119
75489  -41.876  -66.816  6.466 0.3000000119
75124  -41.174  -66.971  5.685 0.3000000119
75125  -40.990  -66.407  5.553 0.3000000119
75126  -40.929  -65.828  5.401 0.2000000030
75004  -40.688  -64.967  4.942 0.1000000015
75005  -40.872  -64.454  4.775 0.1000000015
75130  -41.470  -63.705  4.760 0.1000000015
74755  -40.504  -64.471  4.227 0.1000000015
74883  -41.547  -63.177  4.062 0.1000000015
74629  -40.447  -64.261  3.853 0.1000000015
115765  -40.922  -63.494  3.267 0.1000000015
116016  -40.403  -64.122  2.752 0.1000000015
116384  -40.142  -64.771  1.787 0.2000000030
116382  -41.020  -63.746  1.413 0.2000000030
116503  -40.805  -64.115  1.134 0.2000000030
116741  -40.974  -64.429  0.444 0.1000000015
116621  -41.636  -63.601  0.578 0.1000000015
116857  -41.797  -63.926  -0.075 0.1000000015
117204  -41.848  -64.731  -0.826 0.1000000015
116973  -42.160  -63.888  -0.417 0.1000000015
117203  -42.402  -64.286  -0.941 0.1000000015
117428  -43.219  -64.349  -1.578 0.1000000015
117316  -42.818  -64.311  -1.248 0.1000000015
117539  -43.626  -64.418  -1.863 0.1000000015
117758  -44.472  -64.634  -2.364 0.1000000015
117973  -45.321  -64.885  -2.912 0.1000000015
118078  -46.417  -64.880  -3.366 0.1000000015
117971  -46.741  -64.646  -3.233 0.1000000015
118183  -46.832  -65.012  -3.623 0.1000000015
118077  -47.165  -64.782  -3.476 0.1000000015
118390  -47.705  -65.157  -4.162 0.1000000015
118182  -47.596  -64.876  -3.709 0.1000000015
118491  -48.728  -64.792  -4.411 0.1000000015
118286  -48.044  -64.925  -3.969 0.1000000015
118693  -48.606  -64.763  -4.712 0.1000000015
74857  -48.176  -76.808  8.181 0.2000000030
75106  -48.541  -75.490  8.938 0.2000000030
74859  -48.193  -75.631  7.737 0.3000000119
75229  -48.507  -74.877  9.313 0.2000000030
74984  -48.272  -74.962  8.075 0.3000000119
74860  -47.940  -75.043  7.554 0.3000000119
74992  -44.065  -71.139  6.379 0.3000000119
74991  -44.613  -71.589  6.523 0.3000000119
74987  -47.028  -73.362  7.340 0.3000000119
75362  -43.863  -69.691  7.107 0.3000000119
75240  -43.739  -69.996  6.829 0.3000000119
75239  -44.202  -70.410  6.898 0.3000000119
75114  -45.215  -71.578  6.908 0.3000000119
75113  -45.794  -71.967  7.083 0.3000000119
74989  -45.805  -72.422  6.843 0.3000000119
75606  -42.922  -67.983  7.086 0.3000000119
75604  -43.671  -68.815  7.398 0.3000000119
75236  -45.792  -71.555  7.341 0.3000000119
75235  -46.330  -71.949  7.536 0.3000000119
75234  -46.839  -72.363  7.781 0.2000000030
75110  -47.517  -73.269  7.862 0.2000000030
75843  -43.093  -67.442  7.516 0.2000000030
75607  -42.575  -67.512  6.945 0.2000000030
75727  -42.456  -66.775  7.040 0.3000000119
75609  -42.055  -66.533  6.680 0.3000000119
75490  -41.679  -66.250  6.311 0.3000000119
75370  -41.421  -65.930  5.929 0.3000000119
75371  -41.394  -65.335  5.748 0.2000000030
75128  -41.026  -64.745  5.101 0.1000000015
75493  -41.759  -64.526  5.733 0.2000000030
75373  -41.614  -64.256  5.402 0.1000000015
75253  -41.809  -63.483  4.901 0.1000000015
75255  -42.567  -62.633  4.520 0.1000000015
75378  -43.436  -62.072  4.425 0.1000000015
75501  -44.940  -61.265  4.199 0.1000000015
75009  -42.327  -62.552  4.043 0.1000000015
75133  -42.680  -62.387  4.188 0.1000000015
75135  -43.720  -61.620  3.745 0.1000000015
75259  -44.701  -61.167  3.671 0.1000000015
75503  -46.093  -60.701  3.870 0.1000000015
75505  -47.344  -60.348  3.476 0.1000000015
74758  -41.624  -62.941  3.679 0.1000000015
74759  -42.105  -62.526  3.477 0.1000000015
74887  -43.498  -61.564  3.208 0.1000000015
75137  -44.897  -60.991  3.295 0.1000000015
75139  -46.136  -60.513  2.815 0.1000000015
75263  -47.168  -60.247  2.843 0.1000000015
115890  -41.088  -63.267  2.847 0.1000000015
115763  -41.868  -62.548  2.851 0.1000000015
116014  -41.297  -63.106  2.392 0.1000000015
116260  -41.270  -63.363  1.677 0.2000000030
116381  -41.550  -63.285  1.236 0.1000000015
116620  -42.216  -63.197  0.441 0.1000000015
116856  -42.362  -63.540  -0.173 0.1000000015
116972  -42.743  -63.519  -0.513 0.1000000015
117202  -42.980  -63.910  -1.042 0.1000000015
117201  -43.614  -63.591  -1.173 0.1000000015
117538  -44.254  -64.143  -1.981 0.1000000015
117648  -44.713  -64.289  -2.242 0.1000000015
117647  -45.443  -64.122  -2.392 0.1000000015
117865  -45.620  -64.583  -2.764 0.1000000015
117863  -47.073  -64.368  -3.093 0.1000000015
118076  -47.908  -64.640  -3.555 0.1000000015
118181  -48.326  -64.705  -3.788 0.1000000015
75711  -47.041  -73.055  9.833 0.2000000030
75352  -48.097  -73.815  9.204 0.2000000030
74985  -47.988  -74.388  7.853 0.3000000119
74986  -47.582  -73.837  7.613 0.3000000119
75712  -46.761  -72.626  9.546 0.2000000030
75592  -47.519  -73.384  9.740 0.2000000030
75353  -47.832  -73.293  8.884 0.2000000030
75231  -48.112  -73.783  8.720 0.3000000119
75482  -44.434  -69.741  7.455 0.3000000119
75481  -44.870  -70.094  7.571 0.3000000119
75359  -45.315  -70.807  7.430 0.3000000119
75358  -45.782  -71.161  7.623 0.3000000119
75603  -44.062  -69.180  7.538 0.3000000119
75602  -44.452  -69.482  7.687 0.3000000119
75480  -45.270  -70.448  7.731 0.3000000119
75479  -45.680  -70.803  7.916 0.3000000119
75357  -46.254  -71.548  7.795 0.3000000119
76074  -43.699  -67.610  8.410 0.2000000030
75841  -43.741  -68.226  7.867 0.3000000119
75356  -46.703  -71.951  8.013 0.2000000030
75233  -47.320  -72.792  8.083 0.2000000030
75960  -43.184  -67.113  7.761 0.2000000030
75844  -42.831  -66.975  7.365 0.2000000030
75961  -42.931  -66.675  7.605 0.2000000030
75728  -42.240  -66.273  6.889 0.3000000119
75962  -42.757  -66.199  7.431 0.3000000119
75610  -41.885  -65.996  6.519 0.3000000119
75611  -41.859  -65.444  6.333 0.2000000030
75847  -42.334  -65.490  6.899 0.3000000119
75848  -42.312  -64.958  6.700 0.2000000030
75731  -42.130  -64.638  6.294 0.2000000030
75614  -42.218  -63.809  5.692 0.2000000030
75616  -42.860  -62.902  5.288 0.1000000015
115761  -43.007  -61.750  2.370 0.1000000015
74763  -44.310  -61.043  2.529 0.1000000015
74764  -44.972  -60.779  2.247 0.1000000015
74891  -46.001  -60.485  2.202 0.1000000015
115887  -42.697  -61.988  2.140 0.1000000015
115886  -43.322  -61.611  1.897 0.1000000015
115885  -43.947  -61.290  1.699 0.1000000015
115757  -45.622  -60.574  1.414 0.1000000015
116136  -42.076  -62.586  1.716 0.1000000015
116011  -43.021  -61.884  1.680 0.1000000015
116133  -44.024  -61.539  0.990 0.1000000015
116132  -44.714  -61.246  0.789 0.1000000015
116131  -45.425  -61.007  0.598 0.1000000015
116258  -42.369  -62.537  1.282 0.1000000015
116379  -42.707  -62.513  0.858 0.1000000015
116497  -44.451  -61.982  0.018 0.1000000015
116617  -44.182  -62.306  -0.168 0.1000000015
116499  -43.119  -62.520  0.438 0.1000000015
116619  -42.847  -62.850  0.282 0.1000000015
116854  -43.636  -62.912  -0.482 0.1000000015
116853  -44.320  -62.689  -0.677 0.1000000015
116970  -44.060  -62.960  -0.847 0.1000000015
117086  -43.837  -63.257  -1.014 0.1000000015
117200  -44.298  -63.341  -1.351 0.1000000015
117537  -44.983  -63.960  -2.113 0.1000000015
117755  -46.641  -64.165  -2.826 0.1000000015
76176  -45.134  -72.396  10.639 0.3000000119
75948  -45.507  -71.695  9.688 0.3000000119
75831  -45.972  -71.913  9.501 0.3000000119
75713  -46.459  -72.180  9.316 0.2000000030
75475  -47.145  -72.394  8.738 0.2000000030
75354  -47.493  -72.807  8.584 0.2000000030
75832  -45.734  -71.499  9.359 0.3000000119
75714  -46.228  -71.760  9.137 0.3000000119
75595  -46.678  -72.059  8.928 0.3000000119
75232  -47.747  -73.271  8.407 0.2000000030
75721  -44.469  -69.211  7.947 0.3000000119
75836  -45.036  -70.038  8.670 0.3000000119
75716  -45.750  -70.986  8.827 0.3000000119
75596  -46.423  -71.654  8.730 0.3000000119
75355  -47.128  -72.351  8.268 0.2000000030
76188  -43.782  -67.665  8.884 0.2000000030
75955  -44.463  -69.034  8.638 0.3000000119
75954  -44.581  -69.408  8.763 0.3000000119
76189  -43.680  -67.327  8.733 0.2000000030
76304  -43.443  -66.623  8.746 0.2000000030
76191  -43.320  -66.516  8.281 0.2000000030
76078  -42.948  -65.926  7.639 0.2000000030
76079  -42.848  -65.473  7.444 0.3000000119
76080  -42.816  -65.017  7.263 0.2000000030
75849  -42.391  -64.427  6.484 0.2000000030
116734  -45.335  -62.217  -0.717 0.1000000015
117084  -45.279  -62.885  -1.408 0.1000000015
117199  -45.025  -63.163  -1.551 0.1000000015
117425  -45.224  -63.618  -1.978 0.1000000015
76402  -44.435  -72.136  11.189 0.1000000015
76403  -44.274  -71.856  10.904 0.2000000030
76290  -44.713  -72.156  10.800 0.3000000119
76177  -44.948  -72.029  10.361 0.3000000119
76178  -44.759  -71.642  10.156 0.3000000119
76179  -44.599  -71.261  9.998 0.3000000119
75952  -44.831  -70.191  9.064 0.3000000119
76066  -44.673  -70.690  9.558 0.3000000119
76185  -43.868  -68.847  9.299 0.3000000119
76184  -43.933  -69.280  9.366 0.3000000119
76183  -44.010  -69.723  9.458 0.3000000119
76068  -44.430  -69.982  9.260 0.3000000119
76413  -43.163  -67.881  9.569 0.2000000030
76303  -43.483  -67.003  8.962 0.2000000030
76417  -43.382  -66.343  8.985 0.1000000015
76193  -43.158  -65.675  7.864 0.2000000030
76640  -43.311  -65.856  9.354 0.1000000015
76419  -43.476  -65.611  8.512 0.2000000030
76307  -43.327  -65.455  8.066 0.2000000030
76420  -43.529  -65.242  8.288 0.2000000030
76309  -43.435  -64.687  7.665 0.3000000119
76405  -43.920  -71.157  10.473 0.3000000119
76293  -44.148  -71.015  10.153 0.3000000119
76294  -43.968  -70.618  10.016 0.3000000119
76181  -44.210  -70.492  9.717 0.3000000119
76411  -43.173  -68.705  9.726 0.3000000119
76297  -43.591  -69.425  9.655 0.3000000119
76296  -43.674  -69.876  9.748 0.3000000119
76524  -42.823  -68.018  9.779 0.2000000030
76525  -42.921  -67.626  9.731 0.2000000030
76747  -42.705  -66.624  9.924 0.1000000015
76749  -43.048  -65.937  9.680 0.1000000015
76750  -43.282  -65.636  9.507 0.1000000015
76642  -43.752  -65.220  8.919 0.1000000015
76532  -43.757  -65.067  8.513 0.1000000015
76518  -43.355  -70.500  10.494 0.3000000119
76738  -42.700  -70.166  10.957 0.2000000030
76407  -43.567  -70.387  10.179 0.3000000119
76295  -43.793  -70.273  9.867 0.3000000119
76520  -43.012  -69.690  10.199 0.3000000119
76634  -42.554  -68.124  10.009 0.2000000030
76522  -42.855  -68.838  9.988 0.3000000119
76409  -43.285  -69.576  9.917 0.3000000119
76853  -42.178  -67.406  10.342 0.2000000030
76743  -42.296  -68.144  10.271 0.2000000030
77175  -42.057  -66.168  10.740 0.1000000015
76962  -42.214  -66.744  10.435 0.1000000015
77280  -42.024  -65.891  10.878 0.1000000015
77070  -42.313  -66.119  10.482 0.1000000015
76964  -42.569  -66.071  10.206 0.1000000015
76858  -43.025  -65.709  9.818 0.1000000015
77071  -42.507  -65.793  10.343 0.1000000015
76966  -42.996  -65.472  9.964 0.1000000015
76859  -43.261  -65.410  9.675 0.1000000015
76968  -43.633  -64.919  9.724 0.1000000015
76739  -42.528  -69.770  10.807 0.2000000030
76740  -42.396  -69.363  10.660 0.2000000030
76630  -42.777  -69.758  10.517 0.2000000030
76851  -42.053  -68.166  10.581 0.2000000030
76741  -42.314  -68.943  10.522 0.2000000030
77067  -41.783  -67.142  10.813 0.1000000015
76960  -41.927  -67.458  10.637 0.2000000030
77279  -41.817  -66.209  11.036 0.1000000015
77176  -42.258  -65.846  10.601 0.1000000015
77282  -42.471  -65.250  10.583 0.1000000015
77178  -42.701  -65.221  10.331 0.1000000015
77179  -43.026  -64.953  10.200 0.1000000015
77075  -43.709  -64.688  9.847 0.1000000015
77487  -42.052  -65.361  11.160 0.1000000015
77386  -42.520  -64.991  10.702 0.1000000015
77387  -42.844  -64.725  10.555 0.1000000015
77284  -43.108  -64.716  10.305 0.1000000015
77589  -42.099  -65.161  11.288 0.1000000015
77691  -42.427  -64.707  11.219 0.1000000015
77591  -42.670  -64.638  10.919 0.1000000015
116641  -41.810  -76.395  3.515 0.4000000060
116521  -41.870  -75.803  4.054 0.5000000000
116520  -41.358  -75.079  4.136 0.5000000000
116522  -42.434  -76.492  3.941 0.4000000060
116639  -40.778  -74.909  3.665 0.5000000000
116640  -41.276  -75.674  3.625 0.6000000238
116523  -43.088  -77.113  3.776 0.5000000000
116281  -43.860  -76.453  4.743 0.4000000060
116403  -43.770  -77.120  4.175 0.4000000060
116760  -41.883  -76.869  2.938 0.5000000000
116763  -43.905  -79.019  2.522 0.5000000000
116642  -42.453  -77.051  3.356 0.6000000238
116996  -42.994  -78.670  1.799 0.5000000000
117112  -43.115  -79.243  1.368 0.3000000119
117340  -42.852  -79.781  0.630 0.5000000000
116762  -43.325  -78.261  2.630 0.5000000000
116883  -44.238  -81.168  2.254 0.5000000000
116756  -39.887  -73.886  3.067 0.4000000060
117778  -41.071  -76.526  -1.077 0.4000000060
117886  -41.157  -76.631  -1.514 0.4000000060
117777  -40.839  -75.614  -1.082 0.4000000060
117990  -40.972  -74.365  -2.029 0.3000000119
117883  -40.773  -74.262  -1.586 0.4000000060
116158  -44.049  -75.678  5.211 0.5000000000
116637  -39.927  -73.384  3.511 0.3000000119
116875  -40.342  -75.165  2.671 0.4000000060
116271  -39.595  -69.996  3.916 0.3000000119
116515  -39.544  -71.531  3.534 0.4000000060
116636  -39.634  -72.652  3.360 0.4000000060
116874  -39.949  -74.412  2.638 0.5000000000
116992  -40.434  -75.610  2.200 0.6000000238
116994  -41.694  -77.079  2.043 0.6000000238
116878  -42.090  -77.340  2.390 0.6000000238
116761  -42.599  -77.540  2.779 0.6000000238
116643  -43.163  -77.674  3.199 0.6000000238
116995  -42.402  -77.859  1.908 0.5000000000
117111  -42.601  -78.436  1.441 0.5000000000
116872  -39.376  -72.896  2.415 0.4000000060
116989  -39.498  -73.414  2.051 0.4000000060
117106  -39.816  -74.533  1.743 0.5000000000
117108  -40.751  -76.054  1.724 0.6000000238
117224  -41.827  -77.427  1.118 0.5000000000
117110  -42.071  -77.612  1.522 0.5000000000
116753  -39.213  -71.730  2.676 0.4000000060
116633  -39.224  -70.770  2.917 0.4000000060
117105  -39.584  -73.811  1.651 0.5000000000
117221  -40.032  -74.896  1.298 0.5000000000
117222  -40.532  -75.763  1.278 0.5000000000
117449  -41.480  -77.267  0.270 0.5000000000
116869  -39.137  -71.016  2.028 0.4000000060
116868  -39.121  -70.431  1.902 0.3000000119
117217  -39.372  -72.356  0.966 0.5000000000
117219  -39.554  -73.452  1.156 0.5000000000
117333  -39.712  -73.862  0.827 0.5000000000
117558  -40.507  -75.299  -0.125 0.4000000060
117559  -40.908  -76.292  -0.125 0.5000000000
117332  -39.636  -73.288  0.668 0.5000000000
117446  -40.050  -74.352  0.273 0.4000000060
117557  -40.256  -74.489  -0.200 0.4000000060
117553  -39.841  -72.132  -0.531 0.4000000060
117441  -39.625  -71.548  -0.194 0.4000000060
117444  -39.783  -73.218  0.187 0.4000000060
117666  -40.291  -73.958  -0.699 0.4000000060
115910  -44.944  -74.783  5.865 0.5000000000
116159  -44.614  -76.349  5.078 0.4000000060
116644  -43.862  -78.384  3.029 0.5000000000
74617  -42.379  -70.886  5.538 0.5000000000
115774  -40.392  -68.695  4.790 0.3000000119
115897  -39.717  -67.366  4.103 0.2000000030
116147  -39.544  -68.910  3.910 0.3000000119
116512  -39.221  -69.727  3.053 0.4000000060
116268  -39.304  -68.130  3.261 0.3000000119
116267  -39.299  -67.468  3.048 0.3000000119
116509  -39.233  -67.749  2.384 0.3000000119
116629  -39.213  -68.219  2.130 0.3000000119
116866  -39.233  -69.190  1.607 0.3000000119
117100  -39.231  -70.689  1.020 0.3000000119
116984  -39.189  -70.238  1.398 0.3000000119
117329  -39.455  -71.623  0.276 0.3000000119
117098  -39.378  -69.503  0.749 0.3000000119
116981  -39.464  -68.388  0.871 0.2000000030
117213  -39.387  -70.015  0.375 0.3000000119
117440  -39.623  -70.996  -0.312 0.3000000119
117550  -39.918  -70.409  -0.826 0.3000000119
117325  -39.693  -69.329  -0.246 0.2000000030
117661  -40.123  -71.018  -1.070 0.3000000119
117662  -40.099  -71.610  -1.018 0.4000000060
117772  -40.383  -72.205  -1.359 0.4000000060
117768  -40.566  -69.768  -1.666 0.2000000030
117769  -40.480  -70.426  -1.539 0.3000000119
117878  -40.719  -71.117  -1.806 0.2000000030
117547  -40.314  -68.603  -1.198 0.2000000030
117875  -40.977  -69.082  -2.093 0.2000000030
118085  -42.482  -67.177  -2.633 0.1000000015
117977  -43.042  -66.239  -2.484 0.1000000015
115784  -45.050  -74.090  6.056 0.4000000060
115783  -44.438  -73.530  5.977 0.4000000060
116160  -45.208  -77.016  4.961 0.4000000060
74615  -43.417  -71.919  5.803 0.5000000000
74871  -42.059  -69.520  5.755 0.4000000060
74623  -40.281  -67.716  4.841 0.3000000119
74751  -40.248  -66.729  4.828 0.2000000030
115770  -39.753  -66.352  4.099 0.2000000030
115769  -39.795  -65.738  3.912 0.1000000015
74752  -40.167  -66.162  4.677 0.1000000015
116387  -39.414  -66.620  2.394 0.2000000030
116142  -39.636  -65.691  2.862 0.2000000030
116628  -39.310  -67.566  1.892 0.2000000030
116626  -39.659  -66.230  1.435 0.2000000030
116864  -39.431  -67.904  1.162 0.2000000030
116746  -39.417  -67.400  1.411 0.2000000030
117210  -39.824  -68.106  -0.071 0.2000000030
116743  -40.171  -65.482  0.778 0.2000000030
116979  -39.792  -67.088  0.493 0.1000000015
117324  -39.856  -68.692  -0.387 0.2000000030
116978  -40.045  -66.460  0.310 0.1000000015
117093  -40.302  -66.341  -0.089 0.1000000015
117321  -40.539  -66.814  -0.704 0.1000000015
117322  -40.262  -67.420  -0.596 0.2000000030
117435  -40.273  -68.010  -0.911 0.2000000030
117433  -40.877  -66.806  -1.063 0.1000000015
117205  -41.366  -65.212  -0.698 0.1000000015
117544  -41.216  -66.794  -1.369 0.1000000015
117546  -40.552  -67.987  -1.270 0.1000000015
117655  -41.195  -67.339  -1.609 0.1000000015
117981  -41.473  -68.415  -2.430 0.1000000015
117542  -42.021  -65.711  -1.499 0.1000000015
117872  -41.805  -67.297  -2.164 0.1000000015
117979  -42.126  -67.265  -2.412 0.1000000015
117761  -42.797  -65.765  -2.059 0.1000000015
117869  -43.176  -65.780  -2.319 0.1000000015
118082  -43.924  -65.787  -2.817 0.1000000015
118080  -45.039  -65.161  -3.058 0.1000000015
115790  -47.480  -77.803  6.547 0.3000000119
115915  -47.170  -77.957  5.928 0.3000000119
74734  -47.866  -75.736  7.199 0.3000000119
74606  -47.806  -77.026  6.954 0.3000000119
74608  -47.360  -75.784  6.699 0.3000000119
115789  -47.500  -77.192  6.360 0.3000000119
115914  -47.050  -77.334  5.831 0.3000000119
115912  -46.080  -76.052  5.827 0.3000000119
115786  -46.249  -75.280  6.181 0.3000000119
74610  -46.330  -74.555  6.464 0.3000000119
116037  -45.925  -76.839  5.393 0.3000000119
74739  -45.192  -72.887  6.359 0.4000000060
74738  -45.807  -73.403  6.493 0.4000000060
74737  -46.420  -73.944  6.691 0.4000000060
74611  -45.736  -73.980  6.306 0.4000000060
74995  -42.545  -69.693  6.080 0.4000000060
74741  -43.982  -71.958  6.033 0.4000000060
74740  -44.564  -72.417  6.202 0.4000000060
75119  -42.633  -69.369  6.334 0.4000000060
75122  -41.640  -68.003  5.964 0.3000000119
75247  -41.357  -66.749  5.900 0.3000000119
74878  -40.389  -65.811  4.862 0.2000000030
74880  -40.592  -64.705  4.591 0.1000000015
74628  -40.185  -64.812  4.005 0.1000000015
115767  -40.194  -64.562  3.608 0.1000000015
116385  -39.819  -65.386  1.980 0.2000000030
115891  -40.647  -63.782  3.019 0.1000000015
116262  -40.335  -64.349  2.053 0.2000000030
116504  -40.366  -64.594  1.303 0.1000000015
116624  -40.264  -65.020  1.032 0.1000000015
116976  -40.700  -65.303  -0.027 0.1000000015
116975  -41.119  -64.794  -0.166 0.1000000015
117089  -41.996  -64.298  -0.629 0.1000000015
117318  -41.753  -65.212  -1.025 0.1000000015
117317  -42.271  -64.724  -1.140 0.1000000015
117650  -43.475  -64.863  -2.010 0.1000000015
117760  -43.320  -65.339  -2.176 0.1000000015
117759  -43.876  -64.936  -2.277 0.1000000015
117866  -44.920  -64.775  -2.599 0.1000000015
117972  -46.018  -64.745  -3.080 0.1000000015
74858  -48.257  -76.231  7.949 0.2000000030
74605  -47.694  -77.658  7.142 0.2000000030
74861  -47.549  -74.441  7.356 0.3000000119
75116  -44.108  -70.770  6.623 0.3000000119
74866  -44.568  -72.006  6.331 0.4000000060
75364  -42.997  -68.923  6.835 0.3000000119
75486  -42.831  -68.294  6.891 0.3000000119
75249  -41.157  -65.578  5.584 0.1000000015
74882  -41.152  -63.665  4.258 0.1000000015
75129  -41.193  -64.229  4.935 0.1000000015
75131  -41.816  -63.226  4.579 0.1000000015
75007  -41.493  -63.426  4.429 0.1000000015
74756  -40.800  -63.937  4.058 0.1000000015
74630  -40.812  -63.721  3.667 0.1000000015
74884  -41.994  -62.725  3.864 0.1000000015
115764  -41.371  -63.001  3.074 0.1000000015
116138  -41.016  -63.455  2.130 0.1000000015
116622  -41.130  -64.034  0.709 0.1000000015
116740  -41.465  -63.978  0.307 0.1000000015
116739  -42.000  -63.569  0.190 0.1000000015
117427  -43.813  -64.019  -1.706 0.1000000015
74982  -48.384  -76.152  8.586 0.2000000030
75107  -48.482  -74.917  8.684 0.2000000030
74983  -48.451  -75.552  8.322 0.3000000119
75108  -48.265  -74.353  8.435 0.2000000030
75483  -43.964  -69.421  7.311 0.3000000119
75361  -44.339  -70.061  7.199 0.3000000119
75360  -44.792  -70.434  7.274 0.3000000119
75237  -45.240  -71.182  7.165 0.3000000119
75724  -43.351  -68.168  7.440 0.3000000119
75723  -43.709  -68.510  7.613 0.3000000119
75842  -43.390  -67.872  7.690 0.3000000119
75250  -41.206  -65.042  5.423 0.1000000015
75612  -41.910  -64.878  6.121 0.2000000030
75494  -41.914  -64.001  5.534 0.1000000015
75374  -41.842  -63.732  5.217 0.1000000015
75254  -42.165  -63.040  4.714 0.1000000015
75377  -42.949  -62.463  4.629 0.1000000015
75256  -43.052  -62.225  4.299 0.1000000015
75499  -43.857  -61.918  4.567 0.1000000015
75257  -43.582  -61.845  4.097 0.1000000015
75381  -45.116  -61.045  3.827 0.1000000015
75380  -44.531  -61.364  4.037 0.1000000015
74885  -42.473  -62.338  3.653 0.1000000015
75011  -43.334  -61.779  3.599 0.1000000015
75136  -44.269  -61.280  3.523 0.1000000015
75012  -43.876  -61.401  3.368 0.1000000015
75261  -45.918  -60.629  3.238 0.1000000015
75138  -45.525  -60.762  3.071 0.1000000015
75383  -46.310  -60.529  3.454 0.1000000015
75504  -46.704  -60.481  3.661 0.1000000015
75384  -46.937  -60.343  3.245 0.1000000015
74633  -42.193  -62.328  3.087 0.1000000015
74886  -42.973  -61.950  3.438 0.1000000015
74634  -42.750  -61.933  2.865 0.1000000015
74889  -44.706  -60.907  2.687 0.1000000015
74762  -43.696  -61.364  2.793 0.1000000015
75014  -45.127  -60.827  2.860 0.1000000015
75015  -45.746  -60.611  2.627 0.1000000015
75264  -47.813  -60.133  2.690 0.1000000015
116013  -41.814  -62.671  2.173 0.1000000015
115762  -42.418  -62.137  2.608 0.1000000015
116137  -41.517  -63.004  1.930 0.1000000015
116380  -42.117  -62.843  1.071 0.1000000015
116855  -42.979  -63.198  -0.295 0.1000000015
117426  -44.537  -63.780  -1.805 0.1000000015
75829  -46.542  -72.774  9.934 0.2000000030
75593  -47.273  -72.945  9.430 0.2000000030
75473  -47.749  -73.338  9.322 0.2000000030
75830  -46.263  -72.358  9.666 0.3000000119
75474  -47.492  -72.843  9.017 0.2000000030
75601  -44.829  -69.790  7.847 0.3000000119
75478  -46.100  -71.180  8.098 0.3000000119
75839  -44.369  -68.883  8.188 0.3000000119
75719  -45.053  -69.879  8.270 0.3000000119
75717  -45.506  -70.612  8.633 0.3000000119
75718  -45.270  -70.244  8.447 0.3000000119
75597  -46.134  -71.254  8.563 0.3000000119
75477  -46.486  -71.580  8.277 0.3000000119
75957  -44.006  -68.283  8.322 0.3000000119
76076  -43.243  -66.803  8.026 0.2000000030
75956  -44.270  -68.643  8.488 0.3000000119
75963  -42.623  -65.712  7.248 0.3000000119
75730  -42.076  -65.217  6.527 0.2000000030
75495  -42.156  -63.520  5.346 0.1000000015
75733  -42.540  -63.638  5.868 0.2000000030
75496  -42.506  -63.045  5.144 0.1000000015
74636  -43.943  -61.205  2.366 0.1000000015
74637  -44.599  -60.920  2.082 0.1000000015
74892  -46.657  -60.342  2.028 0.1000000015
116010  -43.659  -61.544  1.455 0.1000000015
115758  -44.941  -60.806  1.654 0.1000000015
115884  -44.615  -60.998  1.463 0.1000000015
116257  -42.985  -62.194  1.058 0.1000000015
116256  -43.695  -61.872  0.802 0.1000000015
116498  -43.784  -62.238  0.214 0.1000000015
116618  -43.516  -62.566  0.042 0.1000000015
116735  -44.603  -62.399  -0.524 0.1000000015
117085  -44.553  -63.033  -1.216 0.1000000015
76062  -45.435  -72.266  10.211 0.3000000119
75946  -45.986  -72.510  10.048 0.3000000119
76063  -45.234  -71.871  10.010 0.3000000119
75949  -45.296  -71.301  9.546 0.3000000119
75715  -46.001  -71.365  8.990 0.3000000119
75833  -45.526  -71.125  9.217 0.3000000119
75837  -44.860  -69.662  8.524 0.3000000119
75835  -45.188  -70.397  8.844 0.3000000119
75953  -44.697  -69.821  8.903 0.3000000119
75951  -44.957  -70.536  9.227 0.3000000119
76072  -44.094  -68.342  8.780 0.3000000119
76300  -43.487  -68.145  9.402 0.3000000119
76302  -43.498  -67.376  9.139 0.2000000030
76071  -44.213  -68.746  8.927 0.3000000119
76305  -43.413  -66.240  8.517 0.2000000030
76195  -43.109  -64.844  7.464 0.2000000030
76081  -42.900  -64.568  7.086 0.2000000030
75967  -42.939  -63.805  6.491 0.2000000030
76288  -45.141  -72.697  11.419 0.1000000015
76404  -44.096  -71.520  10.667 0.2000000030
76291  -44.541  -71.791  10.520 0.3000000119
75950  -45.111  -70.911  9.392 0.3000000119
76180  -44.389  -70.852  9.860 0.3000000119
76299  -43.489  -68.554  9.483 0.3000000119
76298  -43.536  -68.981  9.561 0.3000000119
76414  -43.221  -67.479  9.473 0.2000000030
76527  -43.113  -66.813  9.542 0.2000000030
76418  -43.400  -65.975  8.749 0.1000000015
76528  -43.230  -66.442  9.400 0.1000000015
76531  -43.625  -65.403  8.722 0.2000000030
76517  -43.520  -70.877  10.642 0.3000000119
76406  -43.753  -70.771  10.324 0.3000000119
76410  -43.216  -69.136  9.824 0.3000000119
76635  -42.610  -67.706  9.929 0.2000000030
76636  -42.718  -67.315  9.875 0.2000000030
76637  -42.845  -66.940  9.796 0.2000000030
76638  -42.972  -66.540  9.680 0.1000000015
76748  -42.878  -66.275  9.809 0.1000000015
76856  -42.622  -66.347  10.069 0.1000000015
76854  -42.308  -67.034  10.249 0.1000000015
76860  -43.573  -65.123  9.532 0.1000000015
76629  -42.934  -70.166  10.671 0.3000000119
76521  -42.905  -69.266  10.079 0.3000000119
76742  -42.279  -68.528  10.397 0.2000000030
76961  -42.036  -67.093  10.502 0.1000000015
77068  -41.937  -66.797  10.688 0.1000000015
77281  -42.241  -65.571  10.726 0.1000000015
77073  -42.991  -65.214  10.093 0.1000000015
76957  -41.814  -68.602  11.036 0.2000000030
76850  -42.032  -68.564  10.718 0.2000000030
77173  -41.675  -66.829  10.993 0.1000000015
77283  -42.759  -64.967  10.443 0.1000000015
77488  -42.304  -65.078  10.975 0.1000000015
117342  -43.340  -81.580  0.619 0.3000000119
117341  -43.152  -80.629  0.599 0.3000000119
117679  -41.479  -85.320  -0.991 0.2000000030
117680  -40.731  -85.896  -1.054 0.2000000030
117455  -43.181  -82.422  0.182 0.4000000060
117567  -42.750  -83.405  -0.354 0.3000000119
117453  -42.945  -80.549  0.181 0.4000000060
117566  -43.055  -82.388  -0.250 0.3000000119
117452  -42.632  -79.680  0.219 0.4000000060
117675  -42.878  -81.355  -0.635 0.4000000060
117677  -42.649  -83.409  -0.755 0.3000000119
117787  -42.097  -84.445  -1.339 0.2000000030
117563  -42.461  -79.666  -0.202 0.4000000060
117564  -42.788  -80.482  -0.228 0.4000000060
117785  -42.822  -82.323  -1.003 0.4000000060
117562  -42.053  -78.900  -0.166 0.4000000060
117784  -42.774  -81.336  -1.002 0.4000000060
117786  -42.539  -83.380  -1.143 0.3000000119
117895  -41.973  -84.383  -1.782 0.3000000119
117673  -42.359  -79.666  -0.616 0.4000000060
117893  -42.680  -82.294  -1.380 0.3000000119
117894  -42.385  -83.338  -1.538 0.4000000060
117672  -41.959  -78.929  -0.587 0.4000000060
117891  -42.481  -80.485  -1.381 0.4000000060
118000  -42.474  -82.324  -1.788 0.3000000119
117671  -41.627  -78.121  -0.564 0.4000000060
117890  -42.251  -79.736  -1.419 0.4000000060
117999  -42.592  -81.350  -1.684 0.4000000060
117780  -41.592  -78.179  -0.984 0.4000000060
117998  -42.407  -80.511  -1.732 0.4000000060
118105  -42.395  -81.386  -2.077 0.3000000119
117996  -41.945  -79.096  -1.809 0.4000000060
117997  -42.189  -79.779  -1.808 0.4000000060
117889  -41.961  -79.037  -1.401 0.4000000060
118102  -41.905  -79.159  -2.162 0.4000000060
118103  -42.120  -79.840  -2.159 0.4000000060
118104  -42.306  -80.555  -2.083 0.4000000060
118210  -42.222  -81.447  -2.447 0.3000000119
117888  -41.625  -78.232  -1.389 0.4000000060
118207  -41.846  -79.238  -2.449 0.4000000060
118208  -42.029  -79.922  -2.435 0.4000000060
118209  -42.165  -80.595  -2.402 0.3000000119
118315  -41.902  -82.392  -3.005 0.2000000030
117887  -41.357  -77.437  -1.444 0.3000000119
118101  -41.673  -78.434  -2.116 0.4000000060
118100  -41.435  -77.622  -2.135 0.4000000060
118206  -41.650  -78.507  -2.435 0.4000000060
118311  -41.786  -79.265  -2.749 0.4000000060
118312  -41.908  -79.974  -2.742 0.4000000060
118314  -41.992  -81.510  -2.812 0.2000000030
118416  -41.806  -80.783  -3.063 0.2000000030
118520  -41.507  -82.560  -3.802 0.3000000119
117993  -41.225  -76.728  -1.899 0.3000000119
117994  -41.398  -77.525  -1.804 0.3000000119
118205  -41.462  -77.722  -2.474 0.3000000119
118414  -41.667  -79.288  -3.071 0.3000000119
118518  -41.623  -80.920  -3.392 0.2000000030
118415  -41.745  -80.025  -3.056 0.2000000030
118519  -41.622  -81.735  -3.546 0.2000000030
118721  -41.186  -82.722  -4.618 0.2000000030
117992  -41.121  -75.908  -1.968 0.3000000119
118099  -41.296  -76.821  -2.251 0.3000000119
118310  -41.645  -78.554  -2.748 0.4000000060
118517  -41.558  -80.141  -3.363 0.1000000015
118097  -41.175  -75.224  -2.415 0.3000000119
118307  -41.389  -76.186  -3.052 0.3000000119
118412  -41.519  -77.772  -3.150 0.2000000030
118515  -41.474  -78.573  -3.437 0.2000000030
118719  -41.304  -81.138  -4.106 0.1000000015
118820  -41.055  -82.791  -4.976 0.2000000030
118512  -41.534  -76.220  -3.694 0.2000000030
118513  -41.515  -76.964  -3.583 0.2000000030
118616  -41.376  -78.603  -3.760 0.1000000015
118618  -41.389  -80.267  -3.687 0.1000000015
118818  -41.209  -81.219  -4.500 0.1000000015
118819  -41.231  -81.994  -4.705 0.1000000015
118096  -41.151  -74.455  -2.446 0.2000000030
118202  -41.287  -75.305  -2.778 0.3000000119
118410  -41.440  -76.226  -3.387 0.3000000119
118094  -41.113  -72.946  -2.470 0.2000000030
118200  -41.281  -73.732  -2.811 0.1000000015
118201  -41.276  -74.514  -2.800 0.3000000119
118511  -41.541  -75.451  -3.729 0.2000000030
118615  -41.433  -77.780  -3.789 0.1000000015
118816  -41.182  -79.547  -4.375 0.1000000015
118915  -41.123  -80.438  -4.815 0.1000000015
118916  -41.179  -81.282  -4.916 0.1000000015
118199  -41.307  -72.984  -2.833 0.2000000030
118305  -41.384  -74.560  -3.125 0.2000000030
118510  -41.583  -74.575  -3.675 0.2000000030
118613  -41.609  -76.195  -3.978 0.1000000015
118614  -41.526  -76.963  -3.878 0.1000000015
118715  -41.383  -77.820  -4.096 0.1000000015
118913  -41.213  -78.731  -4.693 0.1000000015
118914  -41.120  -79.573  -4.746 0.1000000015
119013  -41.232  -81.348  -5.339 0.1000000015
119111  -40.963  -82.975  -6.091 0.1000000015
118509  -41.616  -73.810  -3.663 0.1000000015
118612  -41.649  -75.429  -4.002 0.2000000030
118712  -41.745  -75.405  -4.238 0.1000000015
118813  -41.540  -76.979  -4.399 0.1000000015
119009  -41.429  -77.819  -4.969 0.1000000015
119011  -41.118  -79.564  -5.136 0.1000000015
119108  -41.252  -80.414  -5.675 0.1000000015
119110  -41.200  -82.118  -5.924 0.1000000015
119206  -41.056  -83.017  -6.493 0.1000000015
118812  -41.718  -76.156  -4.434 0.1000000015
119105  -41.485  -77.672  -5.309 0.1000000015
119106  -41.322  -78.660  -5.426 0.1000000015
119298  -41.499  -81.003  -6.696 0.1000000015
119299  -41.416  -81.963  -6.786 0.1000000015
119201  -41.407  -78.455  -5.829 0.1000000015
76310  -43.591  -64.301  7.481 0.2000000030
118093  -41.141  -72.318  -2.496 0.2000000030
118198  -41.355  -72.341  -2.873 0.1000000015
118304  -41.407  -73.773  -3.123 0.1000000015
118406  -41.599  -73.069  -3.409 0.1000000015
118711  -41.813  -74.622  -4.219 0.1000000015
118609  -41.910  -73.134  -3.877 0.1000000015
118811  -41.859  -75.367  -4.456 0.1000000015
119007  -41.820  -75.901  -4.931 0.1000000015
119204  -41.354  -81.149  -6.242 0.1000000015
119109  -41.276  -81.264  -5.774 0.1000000015
119107  -41.235  -79.558  -5.547 0.1000000015
119104  -41.690  -76.651  -5.216 0.1000000015
117454  -43.188  -81.479  0.184 0.3000000119
117678  -42.146  -84.467  -0.884 0.3000000119
117676  -42.925  -82.369  -0.638 0.3000000119
117783  -42.552  -80.465  -1.024 0.4000000060
117892  -42.698  -81.319  -1.341 0.4000000060
117781  -41.947  -78.979  -0.989 0.4000000060
118313  -41.992  -80.664  -2.727 0.2000000030
118417  -41.805  -81.618  -3.175 0.2000000030
118309  -41.504  -77.781  -2.820 0.3000000119
118720  -41.315  -81.917  -4.313 0.2000000030
118098  -41.224  -76.016  -2.360 0.3000000119
118308  -41.412  -76.951  -2.958 0.3000000119
118516  -41.516  -79.319  -3.406 0.2000000030
118718  -41.261  -80.356  -4.025 0.1000000015
118413  -41.597  -78.553  -3.076 0.4000000060
118411  -41.464  -76.975  -3.279 0.2000000030
118514  -41.492  -77.755  -3.476 0.2000000030
118617  -41.372  -79.410  -3.721 0.1000000015
118917  -41.189  -82.067  -5.106 0.1000000015
118716  -41.285  -78.645  -4.073 0.1000000015
118817  -41.169  -80.407  -4.400 0.1000000015
118306  -41.390  -75.362  -3.117 0.3000000119
118714  -41.527  -76.977  -4.133 0.1000000015
119012  -41.145  -80.448  -5.236 0.1000000015
119014  -41.201  -82.114  -5.495 0.1000000015
118303  -41.469  -73.040  -3.132 0.1000000015
118611  -41.701  -74.616  -3.957 0.1000000015
118713  -41.670  -76.177  -4.203 0.1000000015
118814  -41.373  -77.849  -4.392 0.1000000015
119010  -41.229  -78.719  -5.041 0.1000000015
119205  -41.276  -82.069  -6.368 0.1000000015
119008  -41.612  -76.816  -4.927 0.1000000015
119300  -41.199  -82.941  -6.885 0.1000000015
118909  -41.967  -75.296  -4.691 0.1000000015
118710  -41.956  -73.841  -4.143 0.1000000015
116649  -44.417  -82.037  3.310 0.3000000119
116885  -43.793  -82.625  2.526 0.2000000030
117001  -43.689  -82.602  2.041 0.2000000030
116648  -44.755  -81.300  3.135 0.2000000030
116884  -44.133  -81.910  2.368 0.3000000119
117002  -43.137  -83.335  2.153 0.2000000030
116765  -44.539  -80.532  2.613 0.4000000060
117116  -43.561  -82.533  1.579 0.2000000030
117117  -43.156  -83.357  1.654 0.2000000030
117118  -42.392  -84.046  1.655 0.1000000015
117000  -43.955  -81.802  1.940 0.3000000119
117003  -42.321  -83.939  2.143 0.1000000015
117231  -43.115  -83.346  1.142 0.2000000030
117233  -41.557  -84.691  1.003 0.1000000015
117232  -42.422  -84.104  1.120 0.1000000015
117345  -42.391  -84.201  0.574 0.1000000015
117234  -40.745  -85.066  0.824 0.1000000015
117346  -41.643  -84.944  0.454 0.1000000015
117347  -40.863  -85.350  0.318 0.1000000015
116999  -43.970  -81.039  1.845 0.3000000119
117230  -43.458  -82.512  1.117 0.2000000030
117344  -43.028  -83.371  0.638 0.2000000030
117459  -40.845  -85.583  -0.162 0.1000000015
117348  -39.963  -85.529  0.214 0.1000000015
117113  -43.463  -80.052  1.411 0.2000000030
117114  -43.691  -80.885  1.453 0.3000000119
117343  -43.330  -82.486  0.653 0.2000000030
117457  -42.350  -84.352  0.065 0.2000000030
117458  -41.598  -85.120  -0.027 0.1000000015
117461  -39.079  -85.769  -0.235 0.1000000015
117460  -39.979  -85.786  -0.233 0.1000000015
117229  -43.540  -81.652  1.061 0.3000000119
117568  -42.228  -84.446  -0.415 0.2000000030
117569  -41.525  -85.246  -0.501 0.1000000015
117571  -39.946  -86.020  -0.609 0.1000000015
117570  -40.776  -85.779  -0.623 0.1000000015
117682  -39.056  -86.167  -1.041 0.1000000015
117228  -43.407  -80.732  1.042 0.2000000030
117789  -40.686  -85.899  -1.563 0.1000000015
117788  -41.437  -85.317  -1.556 0.1000000015
117790  -39.903  -86.236  -1.525 0.1000000015
117227  -43.150  -79.906  1.035 0.2000000030
117896  -41.387  -85.281  -2.068 0.1000000015
117897  -40.642  -85.859  -2.115 0.1000000015
118003  -41.301  -85.225  -2.483 0.1000000015
117900  -38.132  -86.407  -2.108 0.1000000015
117898  -39.876  -86.283  -2.036 0.1000000015
118004  -40.567  -85.902  -2.589 0.1000000015
118001  -42.212  -83.326  -1.980 0.3000000119
118111  -39.768  -86.496  -2.991 0.1000000015
116998  -43.793  -80.225  1.762 0.3000000119
116766  -44.522  -81.249  2.670 0.3000000119
117681  -39.917  -86.160  -1.037 0.1000000015
117456  -42.901  -83.394  0.136 0.2000000030
117115  -43.785  -81.713  1.501 0.3000000119
117791  -39.055  -86.303  -1.515 0.1000000015
117899  -39.025  -86.446  -1.987 0.1000000015
117792  -38.122  -86.232  -1.655 0.1000000015
118005  -39.834  -86.383  -2.525 0.1000000015
118002  -41.835  -84.327  -2.226 0.2000000030
118319  -40.255  -85.940  -3.840 0.1000000015
118422  -40.135  -85.940  -4.244 0.1000000015
118421  -40.591  -85.064  -4.141 0.2000000030
118525  -39.571  -86.764  -4.785 0.1000000015
118213  -41.474  -84.192  -3.067 0.2000000030
118318  -40.793  -85.065  -3.747 0.2000000030
118524  -40.022  -85.946  -4.683 0.2000000030
118626  -39.410  -86.849  -5.180 0.1000000015
118523  -40.396  -85.105  -4.535 0.2000000030
118522  -40.819  -84.220  -4.327 0.1000000015
118108  -41.669  -84.246  -2.683 0.2000000030
118317  -41.257  -84.171  -3.485 0.1000000015
118625  -39.833  -86.034  -5.032 0.1000000015
118624  -40.179  -85.192  -4.890 0.1000000015
118107  -42.042  -83.318  -2.426 0.2000000030
118420  -41.044  -84.167  -3.925 0.1000000015
118623  -40.593  -84.310  -4.703 0.1000000015
118316  -41.649  -83.270  -3.220 0.1000000015
118521  -41.225  -83.367  -4.080 0.1000000015
118106  -42.295  -82.347  -2.211 0.2000000030
118212  -41.853  -83.280  -2.822 0.2000000030
118622  -41.028  -83.451  -4.459 0.1000000015
118419  -41.431  -83.291  -3.664 0.1000000015
118211  -42.119  -82.362  -2.632 0.2000000030
118723  -40.396  -84.411  -5.037 0.1000000015
118109  -41.136  -85.174  -2.903 0.1000000015
118214  -40.992  -85.133  -3.321 0.1000000015
116768  -43.868  -82.635  3.008 0.1000000015
115791  -47.197  -78.496  6.733 0.1000000015
75828  -46.771  -73.144  10.251 0.1000000015
75104  -48.127  -76.550  9.506 0.1000000015
74981  -48.187  -76.681  8.864 0.1000000015
75351  -48.282  -74.328  9.550 0.1000000015
75105  -48.407  -76.078  9.238 0.1000000015
75944  -46.497  -73.191  10.717 0.2000000030
75827  -46.990  -73.501  10.632 0.1000000015
75347  -47.850  -76.160  10.468 0.1000000015
75945  -46.245  -72.858  10.334 0.2000000030
75710  -47.266  -73.445  10.171 0.1000000015
75591  -47.699  -73.846  10.092 0.1000000015
75470  -48.138  -74.798  10.301 0.1000000015
75349  -48.310  -75.303  10.097 0.1000000015
75227  -48.338  -75.871  9.849 0.1000000015
116408  -45.431  -80.614  4.128 0.2000000030
115916  -47.007  -78.615  6.139 0.1000000015
75350  -48.357  -74.839  9.836 0.1000000015
75472  -47.946  -73.823  9.655 0.1000000015
76061  -45.677  -72.620  10.482 0.2000000030
75103  -47.732  -76.936  9.662 0.1000000015
75226  -48.053  -76.272  10.061 0.1000000015
75471  -48.076  -74.347  9.995 0.1000000015
75708  -47.580  -74.260  10.900 0.1000000015
116529  -44.923  -81.334  3.709 0.1000000015
76847  -42.309  -69.800  11.100 0.1000000015
76846  -42.512  -70.193  11.277 0.1000000015
76736  -43.007  -70.872  11.279 0.1000000015
76735  -43.140  -71.134  11.484 0.1000000015
76623  -43.832  -71.917  11.945 0.1000000015
76627  -43.236  -70.901  10.961 0.1000000015
76626  -43.362  -71.230  11.142 0.1000000015
77060  -41.905  -69.814  11.810 0.1000000015
76952  -42.383  -70.480  11.815 0.1000000015
76951  -42.426  -70.741  12.054 0.1000000015
76841  -43.106  -71.534  12.405 0.1000000015
76954  -42.137  -69.825  11.436 0.1000000015
76953  -42.292  -70.184  11.616 0.1000000015
76843  -42.841  -71.045  11.884 0.1000000015
76733  -43.392  -71.584  12.023 0.1000000015
76731  -43.776  -72.123  12.647 0.1000000015
76955  -41.984  -69.428  11.265 0.1000000015
77161  -41.743  -71.034  13.206 0.1000000015
77165  -41.581  -69.789  12.251 0.1000000015
77164  -41.582  -70.128  12.492 0.1000000015
77058  -42.009  -70.443  12.260 0.1000000015
77057  -42.048  -70.718  12.498 0.1000000015
77061  -41.756  -69.439  11.642 0.1000000015
76950  -42.483  -70.991  12.291 0.1000000015
76948  -42.761  -71.559  12.816 0.1000000015
77063  -41.614  -68.630  11.314 0.1000000015
77064  -41.600  -68.232  11.219 0.1000000015
77372  -40.778  -69.802  13.333 0.1000000015
77268  -41.164  -70.125  13.010 0.1000000015
77162  -41.652  -70.733  12.967 0.1000000015
77374  -40.932  -69.059  12.798 0.1000000015
77271  -41.208  -69.052  12.304 0.1000000015
77169  -41.392  -68.266  11.551 0.1000000015
76958  -41.801  -68.198  10.935 0.1000000015
76196  -43.238  -64.427  7.304 0.1000000015
76082  -43.072  -64.128  6.896 0.1000000015
76085  -44.007  -62.925  6.332 0.1000000015
77377  -40.972  -67.957  12.183 0.1000000015
77065  -41.629  -67.848  11.090 0.1000000015
76959  -41.848  -67.815  10.771 0.1000000015
76421  -43.622  -64.893  8.079 0.1000000015
75850  -42.619  -63.946  6.277 0.1000000015
75851  -42.908  -63.488  6.071 0.1000000015
76424  -44.210  -63.879  7.493 0.1000000015
75971  -44.482  -62.289  5.726 0.1000000015
75969  -43.590  -62.958  6.093 0.1000000015
75970  -43.952  -62.587  5.902 0.1000000015
77269  -41.193  -69.784  12.760 0.1000000015
77371  -40.780  -70.136  13.551 0.1000000015
77266  -41.267  -70.755  13.482 0.1000000015
75735  -43.255  -62.751  5.466 0.1000000015
76514  -43.981  -71.817  11.281 0.1000000015
76513  -44.148  -72.047  11.571 0.1000000015
76625  -43.543  -71.486  11.380 0.1000000015
76848  -42.173  -69.390  10.960 0.1000000015
75968  -43.253  -63.361  6.288 0.1000000015
76844  -42.750  -70.806  11.632 0.1000000015
76734  -43.272  -71.366  11.752 0.1000000015
76622  -44.051  -72.180  12.267 0.1000000015
76732  -43.590  -71.822  12.309 0.1000000015
77167  -41.448  -69.046  11.876 0.1000000015
77272  -41.176  -68.680  12.115 0.1000000015
76198  -43.700  -63.584  6.884 0.1000000015
75853  -43.625  -62.643  5.662 0.1000000015
118091  -41.247  -71.132  -2.456 0.1000000015
118196  -41.483  -71.162  -2.780 0.1000000015
117984  -41.046  -70.450  -2.207 0.1000000015
116291  -42.904  -82.725  5.046 0.1000000015
116412  -42.959  -82.932  4.599 0.1000000015
116532  -43.056  -83.048  4.102 0.1000000015
116169  -42.867  -82.452  5.474 0.1000000015
116413  -42.057  -83.069  4.429 0.1000000015
116411  -43.872  -82.545  4.594 0.1000000015
116046  -42.859  -82.091  5.899 0.1000000015
116168  -43.750  -82.242  5.621 0.1000000015
116290  -43.794  -82.430  5.121 0.1000000015
116047  -41.933  -82.037  5.638 0.1000000015
116045  -43.746  -81.914  6.039 0.1000000015
115923  -42.023  -81.586  6.067 0.1000000015
75922  -38.183  -78.115  12.907 0.1000000015
75923  -38.425  -77.678  12.818 0.1000000015
75451  -36.902  -78.043  9.972 0.1000000015
75331  -36.826  -78.088  9.214 0.1000000015
75211  -37.396  -78.086  8.411 0.1000000015
75089  -37.445  -78.371  7.723 0.1000000015
116531  -43.945  -82.607  4.052 0.1000000015
75088  -36.803  -78.436  7.815 0.1000000015
74966  -37.461  -78.689  7.138 0.1000000015
116048  -41.060  -81.890  5.326 0.1000000015
115924  -41.163  -81.442  5.774 0.1000000015
116769  -43.101  -83.240  3.153 0.1000000015
74841  -36.748  -78.931  6.526 0.1000000015
74717  -37.503  -79.319  6.091 0.1000000015
74593  -38.989  -80.041  5.913 0.1000000015
115925  -40.336  -81.255  5.478 0.1000000015
115800  -40.507  -80.819  5.941 0.1000000015
115799  -41.350  -80.994  6.230 0.1000000015
116886  -43.128  -83.286  2.661 0.1000000015
74840  -36.108  -79.031  6.610 0.1000000015
115803  -38.047  -80.233  5.192 0.1000000015
74594  -39.837  -80.209  6.153 0.1000000015
74595  -40.684  -80.393  6.379 0.1000000015
75806  -37.827  -77.888  12.131 0.1000000015
75689  -37.587  -77.756  11.374 0.1000000015
75452  -37.357  -77.736  9.871 0.1000000015
116167  -44.566  -81.764  5.643 0.1000000015
116289  -44.622  -81.885  5.087 0.1000000015
75332  -37.353  -77.853  9.132 0.1000000015
75333  -37.956  -77.679  9.001 0.1000000015
116650  -43.897  -82.631  3.520 0.1000000015
74718  -38.225  -79.472  6.214 0.1000000015
74719  -38.995  -79.648  6.378 0.1000000015
115798  -42.201  -81.129  6.506 0.1000000015
74845  -39.793  -79.355  7.014 0.1000000015
74720  -39.836  -79.786  6.567 0.1000000015
74721  -40.628  -79.940  6.758 0.1000000015
74596  -41.524  -80.541  6.669 0.1000000015
75924  -38.711  -77.288  12.689 0.1000000015
75808  -38.484  -77.103  11.931 0.1000000015
75925  -39.053  -76.961  12.503 0.1000000015
76155  -39.990  -77.092  13.786 0.1000000015
75690  -37.968  -77.384  11.266 0.1000000015
75691  -38.391  -77.049  11.154 0.1000000015
116288  -45.241  -81.215  4.989 0.1000000015
75573  -38.384  -77.127  10.365 0.1000000015
115921  -43.816  -81.515  6.444 0.1000000015
116410  -44.630  -81.966  4.487 0.1000000015
75453  -37.863  -77.490  9.740 0.1000000015
75212  -38.053  -77.974  8.343 0.1000000015
75091  -38.865  -78.322  7.816 0.1000000015
74844  -38.993  -79.237  6.847 0.1000000015
74967  -38.217  -78.729  7.208 0.1000000015
74968  -38.960  -78.781  7.315 0.1000000015
74722  -41.467  -80.066  7.010 0.1000000015
74969  -39.720  -78.880  7.444 0.1000000015
74846  -40.588  -79.459  7.191 0.1000000015
76042  -40.027  -76.601  12.850 0.1000000015
116044  -44.569  -81.482  6.096 0.1000000015
75926  -39.424  -76.666  12.308 0.1000000015
76157  -40.630  -76.543  13.425 0.1000000015
115920  -44.665  -81.137  6.531 0.1000000015
116043  -45.357  -80.868  6.105 0.1000000015
75692  -38.837  -76.779  10.987 0.1000000015
75810  -39.367  -76.588  11.567 0.1000000015
115922  -42.902  -81.651  6.313 0.1000000015
116530  -44.531  -82.014  3.864 0.1000000015
75454  -38.442  -77.287  9.617 0.1000000015
75574  -38.937  -76.935  10.216 0.1000000015
74723  -42.322  -80.145  7.310 0.1000000015
115797  -43.037  -81.207  6.719 0.1000000015
75334  -38.578  -77.558  8.948 0.1000000015
74971  -41.292  -79.019  7.784 0.1000000015
75213  -38.740  -77.899  8.355 0.1000000015
75092  -39.602  -78.364  7.903 0.1000000015
75093  -40.371  -78.430  7.971 0.1000000015
75927  -39.888  -76.455  12.123 0.1000000015
115796  -43.928  -81.041  6.862 0.1000000015
116409  -45.116  -81.320  4.340 0.1000000015
74847  -41.398  -79.559  7.384 0.1000000015
74724  -43.157  -80.190  7.553 0.1000000015
75215  -40.195  -77.893  8.424 0.1000000015
75455  -39.071  -77.158  9.527 0.1000000015
75335  -39.247  -77.471  8.931 0.1000000015
75214  -39.453  -77.854  8.380 0.1000000015
74599  -44.012  -80.539  7.335 0.1000000015
74601  -45.606  -79.825  7.544 0.1000000015
74725  -43.976  -80.056  7.762 0.1000000015
75811  -39.861  -76.392  11.390 0.1000000015
74972  -42.091  -79.095  8.015 0.1000000015
74848  -42.243  -79.642  7.633 0.1000000015
74849  -43.072  -79.664  7.912 0.1000000015
75693  -39.392  -76.616  10.815 0.1000000015
75094  -41.140  -78.492  8.135 0.1000000015
75575  -39.521  -76.789  10.104 0.1000000015
75337  -40.725  -77.444  8.992 0.1000000015
75216  -40.958  -77.955  8.544 0.1000000015
75336  -39.981  -77.439  8.928 0.1000000015
74600  -44.847  -80.253  7.470 0.1000000015
74727  -45.543  -79.467  8.027 0.1000000015
74974  -43.689  -79.081  8.552 0.1000000015
74850  -43.874  -79.576  8.170 0.1000000015
75812  -40.392  -76.274  11.281 0.1000000015
75218  -42.427  -78.039  8.955 0.1000000015
75096  -42.676  -78.583  8.638 0.1000000015
75217  -41.687  -78.002  8.718 0.1000000015
75095  -41.901  -78.539  8.374 0.1000000015
75456  -39.736  -77.065  9.480 0.1000000015
74851  -44.633  -79.379  8.382 0.1000000015
75097  -43.461  -78.584  8.924 0.1000000015
74975  -44.447  -78.925  8.805 0.1000000015
75928  -40.357  -76.310  11.982 0.1000000015
75338  -41.469  -77.494  9.107 0.1000000015
75576  -40.159  -76.701  10.068 0.1000000015
74853  -46.130  -78.713  8.599 0.1000000015
75694  -39.966  -76.494  10.707 0.1000000015
76156  -40.284  -76.795  13.595 0.1000000015
76496  -42.310  -76.250  14.963 0.1000000015
76384  -41.788  -76.431  14.472 0.1000000015
76272  -41.638  -76.365  13.783 0.1000000015
76383  -41.433  -76.632  14.666 0.1000000015
75571  -37.435  -77.708  10.613 0.1000000015
75090  -38.132  -78.330  7.737 0.1000000015
74965  -36.786  -78.701  7.155 0.1000000015
74842  -37.473  -79.006  6.578 0.1000000015
74843  -38.241  -79.096  6.701 0.1000000015
74592  -38.190  -79.858  5.719 0.1000000015
115802  -38.844  -80.412  5.407 0.1000000015
115801  -39.668  -80.612  5.673 0.1000000015
116050  -39.423  -81.511  4.704 0.1000000015
75572  -37.890  -77.408  10.487 0.1000000015
74597  -42.355  -80.644  6.946 0.1000000015
74970  -40.520  -78.940  7.597 0.1000000015
74598  -43.182  -80.691  7.153 0.1000000015
74726  -44.779  -79.821  7.929 0.1000000015
74973  -42.907  -79.136  8.287 0.1000000015
74852  -45.404  -79.084  8.522 0.1000000015
76494  -41.703  -76.663  15.373 0.1000000015
119221  -30.701  -91.929  -8.127 0.1000000015
119126  -30.540  -91.702  -7.756 0.1000000015
119769  -31.680  -91.784  -10.601 0.1000000015
119770  -30.905  -92.504  -10.570 0.1000000015
119590  -31.849  -91.906  -9.965 0.1000000015
119499  -31.855  -91.930  -9.551 0.1000000015
119315  -30.825  -92.125  -8.487 0.1000000015
119857  -31.524  -91.683  -10.940 0.1000000015
120029  -32.216  -90.559  -11.685 0.1000000015
120114  -32.193  -90.518  -12.183 0.1000000015
119125  -31.517  -91.256  -7.988 0.1000000015
119029  -31.362  -90.988  -7.642 0.1000000015
118933  -30.212  -91.243  -7.067 0.1000000015
119220  -31.665  -91.504  -8.334 0.1000000015
119407  -31.834  -91.866  -9.108 0.1000000015
119408  -30.917  -92.293  -8.878 0.1000000015
119030  -30.374  -91.472  -7.394 0.1000000015
119680  -31.787  -91.855  -10.279 0.1000000015
119500  -30.970  -92.422  -9.311 0.1000000015
119768  -32.508  -90.941  -10.523 0.1000000015
119943  -32.262  -90.654  -11.251 0.1000000015
120028  -33.169  -89.820  -11.635 0.1000000015
120113  -33.222  -89.783  -12.227 0.1000000015
118012  -32.693  -87.091  -4.442 0.1000000015
118224  -31.503  -88.051  -5.463 0.1000000015
118118  -32.678  -87.355  -4.925 0.1000000015
118932  -31.191  -90.709  -7.330 0.1000000015
118834  -30.991  -90.424  -7.054 0.1000000015
118735  -30.828  -90.103  -6.773 0.1000000015
118533  -31.690  -88.936  -6.489 0.1000000015
118432  -30.501  -89.179  -5.936 0.1000000015
118328  -31.525  -88.320  -5.847 0.1000000015
119028  -32.452  -90.628  -7.807 0.1000000015
118635  -30.684  -89.785  -6.503 0.1000000015
119124  -32.556  -90.919  -8.130 0.1000000015
118835  -30.044  -91.003  -6.752 0.1000000015
119314  -31.771  -91.712  -8.688 0.1000000015
119856  -32.356  -90.812  -10.849 0.1000000015
118011  -33.900  -86.772  -4.113 0.1000000015
117904  -33.910  -86.456  -3.630 0.1000000015
118634  -31.789  -89.242  -6.746 0.1000000015
118431  -31.593  -88.619  -6.184 0.1000000015
118734  -31.918  -89.593  -6.988 0.1000000015
118833  -32.119  -89.955  -7.247 0.1000000015
119406  -32.784  -91.398  -9.257 0.1000000015
119498  -32.768  -91.392  -9.647 0.1000000015
119589  -32.736  -91.250  -9.932 0.1000000015
119679  -32.647  -91.096  -10.225 0.1000000015
119767  -33.436  -90.218  -10.358 0.1000000015
119219  -32.667  -91.141  -8.458 0.1000000015
118119  -31.519  -87.802  -5.048 0.1000000015
118223  -32.713  -87.627  -5.383 0.1000000015
119313  -32.752  -91.309  -8.850 0.1000000015
118931  -32.315  -90.300  -7.513 0.1000000015
119027  -33.586  -90.376  -7.877 0.1000000015
118013  -31.607  -87.586  -4.580 0.1000000015
119122  -34.733  -90.431  -8.143 0.1000000015
119026  -34.674  -90.188  -7.862 0.1000000015
119025  -35.643  -89.917  -7.828 0.1000000015
118327  -32.791  -87.944  -5.820 0.1000000015
118633  -33.024  -88.941  -6.855 0.1000000015
118733  -33.159  -89.279  -7.125 0.1000000015
118930  -33.471  -90.035  -7.628 0.1000000015
118732  -34.327  -89.175  -7.067 0.1000000015
118929  -34.581  -89.878  -7.598 0.1000000015
118632  -34.184  -88.837  -6.750 0.1000000015
118430  -32.862  -88.259  -6.219 0.1000000015
118532  -32.936  -88.593  -6.564 0.1000000015
118631  -35.233  -88.774  -6.537 0.1000000015
118832  -33.346  -89.652  -7.381 0.1000000015
119121  -35.675  -90.076  -8.148 0.1000000015
118831  -34.470  -89.525  -7.344 0.1000000015
74613  -44.512  -72.885  6.099 0.5000000000
74616  -42.893  -71.405  5.668 0.5000000000
74622  -40.521  -68.261  4.977 0.3000000119
74626  -39.960  -65.960  4.319 0.1000000015
74631  -41.235  -63.214  3.481 0.1000000015
74632  -41.703  -62.752  3.289 0.1000000015
74635  -43.325  -61.548  2.607 0.1000000015
74638  -45.253  -60.671  1.821 0.1000000015
74744  -42.435  -70.416  5.647 0.4000000060
74745  -42.004  -69.910  5.552 0.4000000060
74746  -41.587  -69.391  5.464 0.4000000060
74749  -40.652  -67.868  5.148 0.3000000119
74750  -40.420  -67.305  4.990 0.2000000030
74753  -40.193  -65.586  4.531 0.1000000015
74754  -40.302  -65.017  4.382 0.1000000015
74757  -41.170  -63.424  3.869 0.1000000015
74760  -42.607  -62.131  3.268 0.1000000015
74761  -43.135  -61.738  3.039 0.1000000015
74873  -41.335  -68.493  5.543 0.4000000060
74877  -40.454  -66.372  5.009 0.2000000030
74881  -40.831  -64.178  4.433 0.1000000015
74888  -44.074  -61.205  2.957 0.1000000015
74890  -45.364  -60.680  2.425 0.1000000015
74977  -45.941  -78.402  9.110 0.1000000015
74998  -41.485  -68.217  5.759 0.4000000060
74999  -41.218  -67.730  5.626 0.3000000119
75002  -40.676  -66.078  5.199 0.3000000119
75003  -40.644  -65.517  5.070 0.2000000030
75006  -41.145  -63.934  4.612 0.1000000015
75008  -41.878  -62.968  4.247 0.1000000015
75010  -42.822  -62.160  3.822 0.1000000015
75013  -44.477  -61.076  3.122 0.1000000015
75016  -46.374  -60.431  2.428 0.1000000015
75109  -47.958  -73.791  8.154 0.3000000119
75111  -46.957  -72.820  7.565 0.2000000030
75112  -46.376  -72.385  7.280 0.3000000119
75115  -44.650  -71.181  6.754 0.3000000119
75117  -43.617  -70.336  6.536 0.3000000119
75118  -43.115  -69.836  6.458 0.4000000060
75123  -41.390  -67.494  5.820 0.3000000119
75127  -40.945  -65.275  5.253 0.1000000015
75132  -42.211  -62.800  4.395 0.1000000015
75134  -43.196  -61.991  3.966 0.1000000015
75228  -48.486  -75.411  9.570 0.2000000030
75230  -48.349  -74.336  9.022 0.2000000030
75238  -44.699  -70.801  7.006 0.3000000119
75241  -43.218  -69.559  6.718 0.3000000119
75244  -42.073  -68.269  6.307 0.4000000060
75246  -41.565  -67.305  6.029 0.3000000119
75248  -41.210  -66.170  5.749 0.3000000119
75251  -41.314  -64.517  5.256 0.1000000015
75252  -41.519  -63.982  5.082 0.1000000015
75258  -44.106  -61.487  3.891 0.1000000015
75260  -45.308  -60.881  3.462 0.1000000015
75262  -46.536  -60.413  3.029 0.1000000015
75363  -43.403  -69.310  6.983 0.3000000119
75365  -42.638  -68.532  6.667 0.3000000119
75368  -41.710  -67.072  6.247 0.3000000119
75369  -41.532  -66.515  6.101 0.3000000119
75372  -41.475  -64.777  5.579 0.1000000015
75375  -42.157  -63.257  5.026 0.1000000015
75376  -42.529  -62.840  4.827 0.1000000015
75379  -43.995  -61.699  4.239 0.1000000015
75382  -45.705  -60.768  3.658 0.1000000015
75476  -46.820  -71.982  8.490 0.3000000119
75484  -43.555  -69.081  7.188 0.3000000119
75485  -43.215  -68.729  7.058 0.3000000119
75491  -41.617  -65.672  6.130 0.3000000119
75492  -41.661  -65.094  5.938 0.2000000030
75500  -44.396  -61.578  4.387 0.1000000015
75594  -46.974  -72.492  9.159 0.2000000030
75598  -45.806  -70.867  8.389 0.3000000119
75599  -45.475  -70.501  8.205 0.3000000119
75600  -45.162  -70.137  8.020 0.3000000119
75605  -43.300  -68.430  7.246 0.3000000119
75608  -42.296  -67.045  6.825 0.3000000119
75613  -42.028  -64.322  5.902 0.2000000030
75615  -42.497  -63.348  5.491 0.1000000015
75709  -47.438  -73.870  10.555 0.1000000015
75720  -44.788  -69.532  8.107 0.3000000119
75722  -44.084  -68.839  7.761 0.3000000119
75725  -42.999  -67.717  7.287 0.2000000030
75726  -42.707  -67.248  7.167 0.3000000119
75729  -42.111  -65.749  6.717 0.3000000119
75732  -42.302  -64.116  6.079 0.2000000030
75734  -42.862  -63.179  5.664 0.2000000030
75807  -38.113  -77.447  12.044 0.1000000015
75809  -38.905  -76.833  11.756 0.1000000015
75834  -45.358  -70.753  9.041 0.3000000119
75838  -44.650  -69.285  8.372 0.3000000119
75840  -44.086  -68.539  8.033 0.3000000119
75845  -42.602  -66.491  7.229 0.3000000119
75846  -42.433  -65.995  7.074 0.3000000119
75852  -43.232  -63.047  5.871 0.1000000015
75947  -45.744  -72.109  9.837 0.3000000119
75958  -43.705  -67.933  8.139 0.3000000119
75959  -43.437  -67.528  7.945 0.3000000119
75964  -42.559  -65.228  7.070 0.2000000030
75965  -42.574  -64.729  6.878 0.2000000030
75966  -42.712  -64.266  6.691 0.2000000030
76040  -39.340  -77.181  13.232 0.1000000015
76041  -39.659  -76.869  13.027 0.1000000015
76043  -40.447  -76.403  12.697 0.1000000015
76064  -45.048  -71.482  9.851 0.3000000119
76065  -44.867  -71.093  9.703 0.3000000119
76067  -44.539  -70.342  9.410 0.3000000119
76069  -44.340  -69.569  9.127 0.3000000119
76070  -44.266  -69.152  9.027 0.3000000119
76073  -43.912  -67.972  8.604 0.3000000119
76075  -43.480  -67.217  8.212 0.2000000030
76077  -43.067  -66.375  7.836 0.2000000030
76083  -43.321  -63.684  6.697 0.1000000015
76084  -43.635  -63.278  6.504 0.1000000015
76087  -44.925  -62.335  6.003 0.1000000015
76182  -44.091  -70.135  9.578 0.3000000119
76186  -43.831  -68.426  9.197 0.3000000119
76187  -43.813  -68.041  9.052 0.3000000119
76190  -43.483  -66.920  8.494 0.2000000030
76192  -43.242  -66.107  8.070 0.2000000030
76194  -43.095  -65.264  7.645 0.2000000030
76271  -41.230  -76.529  13.966 0.1000000015
76292  -44.325  -71.408  10.306 0.3000000119
76301  -43.497  -67.758  9.287 0.2000000030
76306  -43.367  -65.847  8.298 0.2000000030
76308  -43.357  -65.076  7.853 0.2000000030
76401  -44.631  -72.376  11.496 0.1000000015
76408  -43.403  -70.001  10.034 0.3000000119
76412  -43.135  -68.291  9.635 0.3000000119
76415  -43.268  -67.090  9.341 0.2000000030
76416  -43.337  -66.711  9.186 0.2000000030
76422  -43.757  -64.543  7.884 0.2000000030
76423  -43.963  -64.216  7.689 0.1000000015
76495  -41.971  -76.438  15.159 0.1000000015
76512  -44.332  -72.275  11.883 0.1000000015
76515  -43.814  -71.549  11.024 0.2000000030
76516  -43.661  -71.232  10.813 0.3000000119
76519  -43.167  -70.102  10.354 0.3000000119
76523  -42.834  -68.433  9.871 0.3000000119
76526  -43.009  -67.215  9.642 0.2000000030
76529  -43.319  -66.084  9.192 0.1000000015
76530  -43.464  -65.745  8.956 0.1000000015
76533  -43.909  -64.750  8.307 0.1000000015
76624  -43.690  -71.699  11.650 0.1000000015
76628  -43.109  -70.540  10.804 0.3000000119
76631  -42.649  -69.325  10.358 0.2000000030
76632  -42.569  -68.908  10.242 0.2000000030
76633  -42.542  -68.515  10.125 0.2000000030
76639  -43.119  -66.183  9.541 0.1000000015
76641  -43.564  -65.551  9.140 0.1000000015
76737  -42.875  -70.544  11.118 0.1000000015
76744  -42.347  -67.760  10.168 0.2000000030
76745  -42.437  -67.352  10.088 0.2000000030
76746  -42.565  -66.984  10.012 0.2000000030
76751  -43.556  -65.335  9.324 0.1000000015
76842  -42.934  -71.279  12.139 0.1000000015
76845  -42.657  -70.532  11.444 0.1000000015
76849  -42.075  -68.983  10.835 0.2000000030
76852  -42.100  -67.796  10.456 0.2000000030
76855  -42.459  -66.689  10.167 0.1000000015
76857  -42.820  -66.017  9.943 0.1000000015
76949  -42.617  -71.267  12.543 0.1000000015
76956  -41.870  -69.009  11.127 0.1000000015
76963  -42.376  -66.407  10.339 0.1000000015
76965  -42.774  -65.766  10.083 0.1000000015
76967  -43.285  -65.185  9.840 0.1000000015
77059  -41.993  -70.144  12.010 0.1000000015
77062  -41.673  -69.035  11.464 0.1000000015
77066  -41.687  -67.480  10.947 0.1000000015
77069  -42.126  -66.461  10.602 0.1000000015
77072  -42.723  -65.497  10.216 0.1000000015
77074  -43.333  -64.949  9.972 0.1000000015
77163  -41.588  -70.434  12.744 0.1000000015
77166  -41.514  -69.428  12.059 0.1000000015
77168  -41.408  -68.656  11.700 0.1000000015
77171  -41.477  -67.515  11.262 0.1000000015
77174  -41.863  -66.496  10.871 0.1000000015
77177  -42.468  -65.516  10.463 0.1000000015
77267  -41.189  -70.444  13.242 0.1000000015
77270  -41.229  -69.420  12.513 0.1000000015
77273  -41.168  -68.299  11.936 0.1000000015
77278  -41.623  -66.526  11.185 0.1000000015
77384  -42.018  -65.617  11.024 0.1000000015
77385  -42.256  -65.301  10.853 0.1000000015
77388  -43.206  -64.501  10.406 0.1000000015
77489  -42.596  -64.793  10.814 0.1000000015
77590  -42.362  -64.894  11.094 0.1000000015
115759  -44.267  -61.080  1.913 0.1000000015
115760  -43.620  -61.396  2.150 0.1000000015
115766  -40.525  -64.016  3.444 0.1000000015
115768  -39.947  -65.141  3.750 0.1000000015
115771  -39.818  -66.951  4.292 0.2000000030
115772  -39.965  -67.546  4.488 0.2000000030
115775  -40.665  -69.215  4.905 0.3000000119
115787  -46.770  -75.923  6.241 0.3000000119
115888  -42.110  -62.387  2.388 0.1000000015
115889  -41.578  -62.809  2.628 0.1000000015
115892  -40.279  -64.325  3.186 0.1000000015
115894  -39.774  -65.503  3.504 0.1000000015
115898  -39.841  -67.976  4.284 0.2000000030
115901  -40.505  -69.670  4.752 0.4000000060
115903  -41.240  -70.899  5.095 0.5000000000
116008  -45.003  -60.973  1.023 0.1000000015
116009  -44.315  -61.243  1.236 0.1000000015
116012  -42.378  -62.268  1.932 0.1000000015
116015  -40.825  -63.591  2.582 0.1000000015
116020  -39.530  -66.553  3.478 0.2000000030
116021  -39.511  -67.188  3.704 0.3000000119
116024  -39.839  -69.026  4.271 0.3000000119
116029  -41.473  -72.051  5.149 0.5000000000
116134  -43.343  -61.862  1.231 0.1000000015
116135  -42.670  -62.212  1.490 0.1000000015
116139  -40.565  -63.960  2.313 0.1000000015
116140  -40.172  -64.508  2.496 0.1000000015
116145  -39.386  -67.648  3.490 0.3000000119
116148  -39.703  -69.509  4.115 0.3000000119
116149  -39.917  -70.122  4.306 0.3000000119
116259  -41.801  -62.929  1.483 0.2000000030
116261  -40.775  -63.839  1.862 0.2000000030
116265  -39.502  -66.166  2.632 0.2000000030
116266  -39.374  -66.796  2.836 0.2000000030
116269  -39.362  -68.773  3.491 0.3000000119
116273  -40.043  -71.216  4.264 0.3000000119
116377  -44.054  -61.922  0.414 0.1000000015
116378  -43.379  -62.205  0.626 0.1000000015
116383  -40.546  -64.223  1.595 0.2000000030
116386  -39.580  -65.997  2.187 0.2000000030
116388  -39.305  -67.274  2.606 0.3000000119
116391  -39.288  -69.260  3.298 0.3000000119
116392  -39.375  -69.870  3.501 0.4000000060
116397  -40.576  -73.117  4.418 0.4000000060
116398  -40.977  -73.763  4.568 0.5000000000
116500  -42.476  -62.843  0.652 0.1000000015
116501  -41.865  -63.237  0.830 0.1000000015
116502  -41.311  -63.663  0.979 0.1000000015
116505  -40.020  -65.170  1.492 0.2000000030
116506  -39.740  -65.786  1.701 0.2000000030
116510  -39.186  -68.417  2.603 0.3000000119
116514  -39.394  -70.930  3.389 0.4000000060
116623  -40.671  -64.504  0.862 0.1000000015
116627  -39.453  -66.903  1.662 0.2000000030
116630  -39.168  -68.885  2.349 0.3000000119
116631  -39.167  -69.531  2.567 0.4000000060
116634  -39.308  -71.361  3.061 0.4000000060
116638  -40.317  -74.140  3.610 0.4000000060
116736  -43.911  -62.625  -0.321 0.1000000015
116737  -43.240  -62.886  -0.097 0.1000000015
116738  -42.597  -63.202  0.066 0.1000000015
116742  -40.536  -64.929  0.605 0.1000000015
116744  -39.862  -66.089  0.968 0.2000000030
116747  -39.305  -68.052  1.652 0.3000000119
116748  -39.229  -68.697  1.881 0.2000000030
116751  -39.133  -70.593  2.428 0.4000000060
116755  -39.555  -73.083  2.943 0.3000000119
116767  -44.287  -81.998  2.828 0.3000000119
116858  -41.284  -64.368  0.050 0.1000000015
116859  -40.821  -64.858  0.204 0.1000000015
116863  -39.577  -67.258  0.949 0.2000000030
116867  -39.163  -69.817  1.774 0.3000000119
116870  -39.175  -71.574  2.151 0.4000000060
116969  -44.781  -62.774  -1.046 0.1000000015
116971  -43.375  -63.206  -0.660 0.1000000015
116974  -41.619  -64.315  -0.309 0.1000000015
116977  -40.351  -65.852  0.127 0.1000000015
116980  -39.599  -67.733  0.666 0.2000000030
116982  -39.352  -69.033  1.075 0.2000000030
116985  -39.171  -70.842  1.526 0.3000000119
116988  -39.323  -72.713  1.919 0.4000000060
117087  -43.171  -63.543  -0.845 0.1000000015
117088  -42.562  -63.887  -0.733 0.1000000015
117090  -41.475  -64.761  -0.502 0.1000000015
117094  -40.033  -66.950  0.067 0.1000000015
117095  -39.805  -67.576  0.215 0.2000000030
117099  -39.287  -70.098  0.892 0.3000000119
117102  -39.252  -71.908  1.311 0.4000000060
117103  -39.320  -72.532  1.457 0.5000000000
117206  -40.938  -65.720  -0.581 0.1000000015
117207  -40.577  -66.274  -0.454 0.1000000015
117208  -40.271  -66.859  -0.331 0.1000000015
117212  -39.522  -69.410  0.239 0.2000000030
117215  -39.294  -71.171  0.637 0.4000000060
117216  -39.322  -71.764  0.804 0.3000000119
117313  -44.750  -63.465  -1.669 0.1000000015
117314  -44.072  -63.670  -1.494 0.1000000015
117315  -43.402  -63.959  -1.369 0.1000000015
117319  -41.293  -65.707  -0.925 0.1000000015
117323  -40.036  -68.046  -0.497 0.2000000030
117326  -39.553  -69.940  -0.107 0.2000000030
117328  -39.435  -71.070  0.143 0.3000000119
117331  -39.569  -72.772  0.557 0.5000000000
117336  -41.020  -76.449  0.782 0.5000000000
117429  -42.665  -64.747  -1.443 0.1000000015
117430  -42.134  -65.217  -1.323 0.1000000015
117432  -41.248  -66.238  -1.153 0.1000000015
117436  -40.072  -68.643  -0.809 0.2000000030
117438  -39.770  -69.871  -0.550 0.2000000030
117439  -39.666  -70.442  -0.425 0.3000000119
117442  -39.660  -72.132  -0.062 0.4000000060
117445  -39.897  -73.768  0.225 0.4000000060
117540  -43.069  -64.790  -1.737 0.1000000015
117545  -40.861  -67.386  -1.314 0.1000000015
117548  -40.150  -69.229  -1.084 0.2000000030
117551  -39.846  -70.967  -0.719 0.3000000119
117555  -39.964  -73.241  -0.341 0.3000000119
117565  -43.020  -81.401  -0.235 0.3000000119
117649  -44.047  -64.519  -2.117 0.1000000015
117652  -42.399  -65.729  -1.771 0.1000000015
117656  -40.872  -67.937  -1.584 0.1000000015
117657  -40.610  -68.561  -1.532 0.2000000030
117659  -40.296  -69.807  -1.321 0.2000000030
117663  -40.100  -72.167  -0.954 0.4000000060
117667  -40.492  -74.718  -0.626 0.4000000060
117674  -42.656  -80.459  -0.635 0.4000000060
117756  -45.902  -64.281  -2.664 0.1000000015
117757  -45.177  -64.439  -2.483 0.1000000015
117763  -41.878  -66.754  -1.934 0.1000000015
117764  -41.506  -67.319  -1.892 0.1000000015
117766  -40.924  -68.505  -1.835 0.1000000015
117770  -40.420  -71.060  -1.453 0.3000000119
117774  -40.430  -73.457  -1.201 0.3000000119
117775  -40.531  -74.146  -1.126 0.4000000060
117782  -42.307  -79.687  -1.022 0.4000000060
117864  -46.324  -64.459  -2.960 0.1000000015
117870  -42.674  -66.242  -2.243 0.1000000015
117871  -42.204  -66.738  -2.201 0.1000000015
117876  -40.844  -69.747  -2.011 0.2000000030
117880  -40.660  -72.235  -1.748 0.3000000119
117881  -40.657  -72.874  -1.681 0.3000000119
117975  -44.072  -65.384  -2.690 0.1000000015
117976  -43.550  -65.788  -2.570 0.1000000015
117980  -41.767  -67.826  -2.414 0.1000000015
117985  -40.993  -71.126  -2.139 0.2000000030
117986  -40.951  -71.711  -2.127 0.4000000060
117989  -40.923  -73.623  -2.056 0.3000000119
117995  -41.664  -78.327  -1.771 0.4000000060
118081  -44.460  -65.429  -2.941 0.1000000015
118090  -41.305  -70.471  -2.508 0.1000000015
118092  -41.188  -71.755  -2.477 0.2000000030
118184  -46.061  -65.083  -3.476 0.1000000015
118185  -45.399  -65.228  -3.312 0.1000000015
118203  -41.320  -76.105  -2.711 0.3000000119
118204  -41.358  -76.896  -2.606 0.3000000119
118287  -47.262  -65.111  -3.886 0.1000000015
118302  -41.551  -72.394  -3.141 0.1000000015
118407  -41.492  -73.795  -3.403 0.1000000015
118408  -41.477  -74.575  -3.413 0.2000000030
118409  -41.461  -75.416  -3.435 0.3000000119
118508  -41.744  -73.105  -3.657 0.1000000015
118592  -48.932  -64.621  -4.563 0.1000000015
118610  -41.795  -73.829  -3.910 0.1000000015
118619  -41.451  -81.040  -3.741 0.1000000015
118620  -41.451  -81.829  -3.930 0.2000000030
118621  -41.330  -82.654  -4.217 0.2000000030
118717  -41.264  -79.495  -4.036 0.1000000015
118722  -40.823  -83.545  -4.817 0.1000000015
118724  -40.002  -85.309  -5.213 0.1000000015
118815  -41.230  -78.699  -4.380 0.1000000015
118910  -41.739  -76.068  -4.679 0.1000000015
118911  -41.558  -76.941  -4.664 0.1000000015
118912  -41.393  -77.850  -4.683 0.1000000015
119006  -42.124  -75.171  -4.934 0.1000000015
119581  -39.363  -86.515  -8.831 0.1000000015
119591  -30.994  -92.480  -9.740 0.1000000015
119834  -44.614  -72.708  -6.816 0.1000000015
119835  -44.542  -73.502  -7.112 0.1000000015
119923  -44.422  -74.049  -7.703 0.1000000015
120258  -42.477  -70.517  -6.711 0.1000000015
120263  -44.002  -74.751  -9.069 0.1000000015
120264  -44.050  -75.649  -9.475 0.1000000015
120662  -41.941  -72.976  -8.691 0.1000000015
120667  -43.502  -77.471  -11.299 0.1000000015
121037  -40.056  -70.671  -8.684 0.1000000015
121779  -40.004  -68.809  -11.554 0.1000000015
