#!ascii label  , from subject 164k_fs_LR vox2ras=TkReg
2128
119298  43.625  -79.587  -5.876 0.2000000030
119108  43.409  -79.180  -5.026 0.2000000030
119297  43.442  -78.936  -5.922 0.2000000030
119204  43.571  -79.743  -5.411 0.2000000030
119664  44.001  -78.710  -7.509 0.1000000015
119012  43.468  -79.265  -4.584 0.3000000119
119203  43.410  -79.081  -5.481 0.2000000030
119483  43.792  -79.211  -6.719 0.1000000015
119391  43.666  -79.415  -6.351 0.2000000030
119390  43.510  -78.758  -6.319 0.1000000015
119574  43.892  -78.984  -7.103 0.1000000015
119573  43.711  -78.318  -7.097 0.1000000015
119663  43.834  -78.020  -7.481 0.1000000015
119753  44.123  -78.409  -7.890 0.1000000015
119751  43.777  -76.699  -7.773 0.1000000015
119841  44.301  -78.034  -8.268 0.1000000015
119840  44.194  -77.122  -8.153 0.1000000015
119839  44.084  -76.173  -7.984 0.2000000030
119927  44.403  -76.637  -8.385 0.1000000015
119295  42.839  -77.635  -5.983 0.1000000015
119388  42.890  -77.404  -6.401 0.1000000015
119202  43.140  -78.463  -5.513 0.2000000030
119481  43.332  -77.875  -6.767 0.1000000015
119296  43.180  -78.297  -5.961 0.1000000015
119482  43.606  -78.552  -6.705 0.1000000015
119572  43.423  -77.592  -7.151 0.1000000015
119661  43.376  -76.214  -7.451 0.1000000015
119749  43.552  -74.738  -7.556 0.2000000030
119750  43.654  -75.719  -7.656 0.2000000030
119836  43.723  -73.314  -7.696 0.1000000015
119838  43.911  -75.221  -7.855 0.2000000030
119923  43.945  -72.858  -7.947 0.2000000030
120010  44.158  -73.344  -8.276 0.1000000015
120009  44.151  -72.337  -8.238 0.1000000015
119480  43.000  -77.113  -6.826 0.1000000015
119387  42.651  -76.582  -6.426 0.1000000015
119662  43.562  -77.181  -7.496 0.1000000015
119747  43.461  -72.797  -7.372 0.2000000030
119835  43.711  -72.297  -7.591 0.2000000030
119834  43.803  -71.106  -7.497 0.2000000030
119922  43.979  -71.756  -7.855 0.2000000030
120008  44.246  -71.169  -8.090 0.1000000015
120094  44.400  -71.738  -8.509 0.2000000030
119571  43.166  -76.713  -7.177 0.1000000015
119479  42.829  -76.191  -6.824 0.1000000015
119570  43.077  -75.743  -7.132 0.1000000015
119660  43.311  -75.262  -7.354 0.2000000030
119568  42.977  -73.725  -6.943 0.2000000030
119748  43.520  -73.735  -7.482 0.3000000119
119921  44.092  -70.609  -7.697 0.3000000119
120007  44.446  -70.035  -7.848 0.2000000030
120177  44.913  -70.022  -8.492 0.2000000030
120344  45.214  -70.991  -9.476 0.2000000030
119658  43.226  -73.238  -7.170 0.3000000119
119659  43.267  -74.262  -7.270 0.2000000030
119745  43.641  -70.519  -7.186 0.3000000119
119832  44.190  -69.049  -7.225 0.3000000119
119919  44.533  -68.570  -7.438 0.3000000119
119920  44.277  -69.565  -7.522 0.3000000119
120092  44.778  -69.548  -8.047 0.2000000030
120261  45.058  -70.494  -8.938 0.2000000030
120343  45.422  -69.926  -9.221 0.2000000030
119654  43.727  -68.988  -6.767 0.4000000060
119655  43.519  -69.948  -6.893 0.3000000119
119744  43.858  -69.487  -7.052 0.3000000119
119657  43.190  -72.233  -7.038 0.2000000030
119746  43.494  -71.671  -7.271 0.2000000030
120006  44.653  -69.073  -7.721 0.3000000119
120091  45.043  -68.582  -7.923 0.2000000030
120260  45.259  -69.483  -8.730 0.2000000030
119653  43.931  -68.062  -6.702 0.3000000119
119743  44.057  -68.560  -6.951 0.3000000119
120005  44.909  -68.058  -7.680 0.2000000030
120341  45.815  -67.916  -8.960 0.2000000030
120175  45.436  -68.006  -8.218 0.2000000030
120259  45.527  -68.453  -8.600 0.2000000030
120423  45.908  -68.380  -9.410 0.2000000030
120342  45.611  -68.943  -9.044 0.2000000030
120424  45.752  -69.367  -9.544 0.2000000030
119742  44.272  -67.596  -6.925 0.3000000119
119830  44.624  -67.124  -7.200 0.3000000119
119831  44.406  -68.091  -7.170 0.3000000119
119917  44.946  -66.597  -7.432 0.2000000030
120004  45.080  -67.080  -7.679 0.3000000119
120003  45.247  -66.066  -7.641 0.2000000030
119918  44.749  -67.591  -7.437 0.3000000119
120090  45.258  -67.534  -7.929 0.1000000015
120174  45.585  -67.000  -8.209 0.1000000015
120422  45.999  -67.373  -9.353 0.1000000015
120340  45.887  -66.952  -8.927 0.1000000015
120257  45.787  -66.505  -8.560 0.1000000015
120503  46.118  -67.755  -9.855 0.1000000015
119651  44.305  -66.015  -6.758 0.3000000119
119741  44.457  -66.586  -6.955 0.2000000030
119828  44.996  -65.033  -7.083 0.2000000030
119915  45.277  -64.550  -7.273 0.2000000030
119914  45.420  -63.535  -7.144 0.1000000015
119916  45.121  -65.548  -7.371 0.1000000015
120002  45.400  -65.054  -7.577 0.1000000015
120088  45.499  -65.556  -7.857 0.1000000015
120173  45.625  -66.038  -8.198 0.1000000015
120421  45.995  -66.441  -9.264 0.1000000015
120501  46.003  -65.922  -9.490 0.1000000015
119740  44.667  -65.516  -6.958 0.2000000030
120001  45.447  -64.038  -7.471 0.1000000015
120171  45.508  -64.032  -7.934 0.1000000015
120087  45.479  -64.555  -7.775 0.1000000015
120255  45.575  -64.576  -8.305 0.1000000015
120256  45.719  -65.558  -8.498 0.1000000015
120338  45.728  -65.056  -8.708 0.1000000015
120420  45.889  -65.484  -9.079 0.1000000015
120339  45.869  -66.007  -8.884 0.1000000015
120254  45.486  -63.534  -8.073 0.1000000015
120500  45.847  -64.955  -9.304 0.1000000015
120580  45.958  -65.340  -9.730 0.1000000015
120170  45.472  -63.045  -7.710 0.1000000015
119752  43.976  -77.605  -7.848 0.1000000015
119389  43.240  -78.104  -6.376 0.1000000015
119924  43.952  -73.803  -8.015 0.1000000015
75112  44.620  -69.176  6.430 0.5000000000
75355  44.859  -69.243  7.432 0.5000000000
75234  44.805  -69.242  6.922 0.5000000000
75235  44.409  -68.649  6.691 0.5000000000
75113  44.233  -68.564  6.250 0.5000000000
75712  44.348  -69.219  8.942 0.2000000030
75593  44.971  -69.673  8.723 0.2000000030
75594  44.576  -69.269  8.442 0.3000000119
75476  44.467  -68.736  7.681 0.5000000000
75356  44.491  -68.696  7.168 0.5000000000
75477  44.168  -68.202  7.456 0.5000000000
75357  44.193  -68.111  6.976 0.5000000000
75236  44.098  -68.040  6.564 0.5000000000
74990  43.947  -68.497  5.786 0.5000000000
74991  43.660  -67.898  5.642 0.5000000000
74865  43.955  -69.136  5.452 0.5000000000
115783  43.890  -70.540  4.415 0.5000000000
75830  43.716  -68.755  9.129 0.3000000119
75714  43.660  -68.343  8.354 0.3000000119
75358  43.915  -67.460  6.830 0.5000000000
75237  43.809  -67.371  6.396 0.5000000000
74866  43.599  -68.555  5.312 0.5000000000
74740  43.579  -69.170  5.014 0.5000000000
116402  44.565  -73.719  3.043 0.4000000060
116401  43.777  -72.971  2.978 0.5000000000
116280  44.210  -72.926  3.311 0.5000000000
116033  43.695  -71.389  3.829 0.5000000000
116642  44.666  -74.325  2.436 0.4000000060
75829  44.115  -69.128  9.413 0.3000000119
75831  43.385  -68.374  8.803 0.4000000060
75832  43.057  -67.910  8.484 0.4000000060
75597  43.706  -67.741  7.687 0.5000000000
75716  43.158  -67.242  7.848 0.5000000000
75478  43.878  -67.619  7.250 0.5000000000
75479  43.666  -66.957  7.086 0.5000000000
75598  43.468  -67.119  7.480 0.5000000000
75480  43.451  -66.337  6.902 0.5000000000
75359  43.663  -66.863  6.676 0.5000000000
75238  43.571  -66.749  6.219 0.5000000000
74992  43.402  -67.308  5.471 0.5000000000
74614  43.201  -69.193  4.611 0.6000000238
116157  43.952  -72.158  3.569 0.5000000000
115908  43.437  -70.642  4.096 0.5000000000
115907  42.882  -69.972  4.018 0.5000000000
116878  44.780  -74.678  1.945 0.4000000060
116761  45.155  -74.797  2.267 0.4000000060
116522  44.186  -73.691  2.697 0.5000000000
76510  41.869  -68.033  12.098 0.1000000015
76512  41.388  -67.222  11.633 0.1000000015
76623  40.744  -66.807  11.815 0.1000000015
76400  42.032  -67.721  11.438 0.1000000015
76401  41.721  -67.387  11.135 0.1000000015
76514  40.833  -66.563  10.946 0.1000000015
76289  42.048  -67.612  10.610 0.1000000015
76402  41.399  -67.066  10.806 0.1000000015
76403  41.147  -66.743  10.421 0.1000000015
75946  43.412  -68.616  9.533 0.2000000030
76176  42.386  -67.872  10.103 0.1000000015
75947  43.037  -68.260  9.226 0.3000000119
75715  43.364  -67.819  8.085 0.5000000000
76063  42.363  -67.723  9.314 0.4000000060
75949  42.429  -67.354  8.584 0.4000000060
75834  42.608  -66.705  7.941 0.4000000060
75717  42.973  -66.601  7.620 0.5000000000
75718  42.813  -65.969  7.393 0.5000000000
75600  43.088  -65.816  7.056 0.5000000000
75481  43.349  -65.757  6.686 0.5000000000
74867  43.281  -67.915  5.185 0.5000000000
116156  43.245  -71.462  3.499 0.5000000000
116279  43.495  -72.221  3.251 0.5000000000
116760  44.304  -74.202  2.099 0.4000000060
116995  45.315  -75.290  1.863 0.5000000000
76836  40.959  -68.649  13.447 0.1000000015
76728  41.366  -68.522  13.029 0.1000000015
76619  41.730  -68.446  12.640 0.1000000015
76620  41.448  -68.047  12.488 0.1000000015
76511  41.606  -67.626  11.885 0.1000000015
76622  40.951  -67.200  12.106 0.1000000015
76733  40.171  -66.378  12.013 0.1000000015
76730  40.822  -67.707  12.755 0.1000000015
76621  41.203  -67.632  12.320 0.1000000015
76624  40.548  -66.428  11.450 0.1000000015
76518  40.230  -64.981  9.353 0.2000000030
76630  40.011  -63.960  9.107 0.2000000030
76175  42.687  -68.169  10.399 0.1000000015
76290  41.738  -67.294  10.267 0.1000000015
76404  40.904  -66.374  10.006 0.1000000015
76406  40.581  -65.493  9.244 0.2000000030
76177  42.064  -67.543  9.776 0.2000000030
76291  41.444  -66.952  9.899 0.1000000015
76179  41.487  -66.671  9.062 0.2000000030
76294  40.930  -65.548  8.775 0.2000000030
76407  40.558  -65.010  8.871 0.2000000030
76520  40.392  -63.965  8.654 0.2000000030
76178  41.744  -67.151  9.415 0.2000000030
76064  42.050  -67.278  8.977 0.2000000030
76065  41.842  -66.735  8.667 0.3000000119
76067  41.715  -65.557  8.040 0.3000000119
75952  42.098  -65.515  7.755 0.4000000060
75835  42.466  -66.067  7.707 0.5000000000
115781  42.838  -69.208  4.243 0.5000000000
75719  42.769  -65.371  7.158 0.4000000060
116153  41.826  -69.194  3.284 0.5000000000
116030  42.145  -69.267  3.574 0.5000000000
115905  42.165  -68.501  3.775 0.5000000000
116277  42.273  -70.732  3.125 0.5000000000
116031  42.496  -70.009  3.672 0.5000000000
115906  42.482  -69.253  3.897 0.5000000000
75239  43.396  -66.119  6.014 0.5000000000
75360  43.478  -66.239  6.467 0.5000000000
116400  43.057  -72.273  2.912 0.5000000000
116278  42.836  -71.490  3.174 0.5000000000
116155  42.638  -70.737  3.432 0.5000000000
74616  42.528  -67.779  4.426 0.5000000000
116641  43.845  -73.632  2.353 0.5000000000
116521  43.410  -72.981  2.633 0.5000000000
116032  43.041  -70.709  3.759 0.5000000000
74615  42.813  -68.504  4.513 0.6000000238
76943  40.569  -68.736  14.026 0.1000000015
76837  40.714  -68.215  13.299 0.1000000015
76946  39.914  -67.384  13.487 0.1000000015
77159  38.963  -66.520  14.157 0.1000000015
76729  41.067  -68.134  12.897 0.1000000015
76839  40.247  -67.320  13.010 0.1000000015
76731  40.606  -67.258  12.583 0.1000000015
76841  39.836  -66.381  12.527 0.1000000015
76734  40.014  -65.952  11.642 0.1000000015
76735  39.867  -65.562  11.299 0.1000000015
76737  39.647  -64.803  10.440 0.1000000015
76515  40.627  -66.202  10.546 0.1000000015
76738  39.615  -64.399  10.032 0.2000000030
76629  39.908  -64.478  9.450 0.2000000030
76516  40.396  -65.828  10.137 0.1000000015
76628  39.923  -64.914  9.878 0.2000000030
76181  41.315  -65.566  8.372 0.3000000119
76182  41.346  -64.998  8.107 0.3000000119
76409  40.801  -63.938  8.286 0.2000000030
76296  41.040  -64.457  8.194 0.2000000030
75836  42.438  -65.466  7.469 0.4000000060
76069  41.894  -64.436  7.553 0.3000000119
75837  42.487  -64.897  7.226 0.4000000060
75954  42.260  -64.366  7.286 0.4000000060
116028  41.606  -67.643  3.343 0.5000000000
115903  41.755  -66.968  3.589 0.5000000000
115779  42.211  -67.780  4.024 0.5000000000
75601  43.057  -65.273  6.831 0.5000000000
115776  42.030  -65.558  3.800 0.5000000000
74620  42.374  -65.025  3.992 0.5000000000
74619  42.299  -65.636  4.120 0.5000000000
74618  42.300  -66.311  4.214 0.5000000000
74617  42.346  -67.040  4.302 0.6000000238
75361  43.366  -65.637  6.260 0.5000000000
75482  43.268  -65.210  6.494 0.5000000000
74746  42.617  -65.090  4.338 0.5000000000
74745  42.566  -65.699  4.473 0.5000000000
74744  42.602  -66.388  4.583 0.6000000238
74742  42.892  -67.833  4.771 0.5000000000
74743  42.676  -67.099  4.671 0.5000000000
74868  43.036  -67.196  5.066 0.5000000000
117338  45.061  -76.305  1.089 0.4000000060
116879  45.652  -75.396  2.244 0.4000000060
77472  37.932  -64.646  14.986 0.1000000015
77265  38.434  -65.592  14.249 0.1000000015
77267  38.311  -64.630  13.556 0.1000000015
76947  39.713  -66.902  13.271 0.1000000015
77054  39.241  -66.488  13.545 0.1000000015
77056  38.972  -65.570  12.948 0.1000000015
77162  38.615  -65.116  13.224 0.1000000015
76948  39.534  -66.442  13.028 0.1000000015
77057  38.898  -65.081  12.617 0.1000000015
77163  38.584  -64.609  12.885 0.1000000015
76843  39.553  -65.492  11.849 0.1000000015
76952  39.132  -64.622  11.633 0.1000000015
76845  39.413  -64.696  11.052 0.1000000015
76955  39.143  -63.301  10.479 0.2000000030
76848  39.415  -63.369  9.882 0.2000000030
76740  39.772  -63.404  9.301 0.2000000030
76631  40.166  -63.415  8.802 0.2000000030
75848  46.608  -61.757  5.365 0.2000000030
76410  41.019  -63.341  8.045 0.2000000030
75611  46.092  -61.884  4.995 0.2000000030
75728  45.410  -61.963  5.618 0.2000000030
75727  44.937  -62.106  5.855 0.2000000030
75844  44.547  -61.961  6.202 0.2000000030
76184  41.660  -63.818  7.624 0.2000000030
75370  45.307  -61.987  4.720 0.2000000030
75490  45.340  -62.150  5.048 0.2000000030
75488  44.558  -62.652  5.418 0.2000000030
75607  44.354  -62.617  5.827 0.2000000030
75725  44.036  -62.569  6.188 0.3000000119
75606  43.962  -62.917  5.989 0.2000000030
75724  43.623  -62.957  6.313 0.4000000060
75124  44.158  -62.648  4.443 0.2000000030
75247  44.547  -62.445  4.657 0.3000000119
75367  44.256  -62.921  5.154 0.3000000119
75366  43.988  -63.257  5.316 0.4000000060
75487  44.204  -62.951  5.573 0.3000000119
75605  43.609  -63.354  6.095 0.4000000060
75604  43.336  -63.800  6.259 0.5000000000
75839  42.770  -63.750  6.860 0.4000000060
75720  42.822  -64.789  6.940 0.5000000000
74622  42.704  -63.903  3.718 0.5000000000
74749  43.065  -63.493  3.902 0.4000000060
74874  43.184  -63.567  4.204 0.4000000060
75122  43.592  -63.387  4.700 0.4000000060
75121  43.432  -63.782  4.841 0.4000000060
75120  43.318  -64.207  5.010 0.5000000000
75364  43.537  -64.046  5.651 0.5000000000
75485  43.598  -63.764  5.912 0.5000000000
75602  43.103  -64.760  6.651 0.5000000000
74873  43.029  -64.021  4.349 0.5000000000
74872  42.925  -64.534  4.522 0.5000000000
74995  43.048  -65.187  5.017 0.5000000000
74870  42.832  -65.761  4.822 0.5000000000
74993  43.189  -66.616  5.318 0.5000000000
75117  43.288  -66.066  5.564 0.5000000000
75240  43.321  -65.516  5.823 0.5000000000
77675  37.528  -63.558  15.869 0.1000000015
77574  37.699  -64.104  15.430 0.1000000015
77473  37.843  -64.124  14.686 0.1000000015
77576  37.669  -63.109  14.754 0.1000000015
77371  38.044  -64.149  13.941 0.1000000015
77475  37.860  -63.119  13.968 0.1000000015
77372  38.054  -63.652  13.593 0.1000000015
77373  38.089  -63.109  13.199 0.1000000015
77165  38.583  -63.573  12.180 0.1000000015
77271  38.421  -62.568  12.157 0.1000000015
77059  38.850  -64.104  11.872 0.1000000015
77061  38.903  -63.204  11.103 0.2000000030
77168  38.769  -62.186  11.047 0.2000000030
76741  39.917  -62.869  8.995 0.2000000030
76521  40.590  -63.403  8.402 0.2000000030
75964  46.240  -61.599  5.774 0.1000000015
75963  45.715  -61.576  5.973 0.2000000030
75846  45.572  -61.765  5.804 0.2000000030
75845  45.045  -61.826  6.021 0.2000000030
76298  41.444  -63.259  7.713 0.2000000030
76195  46.389  -61.234  6.005 0.1000000015
76194  45.842  -61.183  6.223 0.1000000015
76079  45.803  -61.385  6.106 0.1000000015
76077  44.725  -61.447  6.448 0.1000000015
75961  44.634  -61.681  6.336 0.1000000015
75843  44.089  -62.219  6.335 0.1000000015
75959  43.717  -62.127  6.588 0.1000000015
75958  43.313  -62.450  6.721 0.1000000015
75841  43.300  -62.908  6.590 0.3000000119
75955  42.405  -63.815  7.121 0.2000000030
75241  43.362  -64.919  5.629 0.5000000000
75363  43.386  -64.547  5.898 0.5000000000
75483  43.280  -64.684  6.312 0.5000000000
75119  43.254  -64.703  5.203 0.5000000000
75118  43.233  -65.334  5.405 0.5000000000
75362  43.307  -65.086  6.081 0.5000000000
74994  43.078  -65.907  5.176 0.5000000000
77775  37.463  -63.015  16.252 0.1000000015
77777  37.538  -62.013  15.552 0.1000000015
77778  37.643  -61.506  15.161 0.1000000015
77677  37.590  -62.581  15.167 0.1000000015
77678  37.666  -62.034  14.771 0.1000000015
77779  37.809  -61.030  14.736 0.1000000015
77476  37.947  -62.587  13.571 0.1000000015
77478  38.232  -61.548  12.841 0.1000000015
77579  38.026  -61.544  13.587 0.1000000015
77375  38.292  -62.051  12.510 0.1000000015
77272  38.517  -62.096  11.790 0.2000000030
77063  39.056  -62.258  10.370 0.2000000030
76957  39.375  -62.311  9.750 0.2000000030
76849  39.539  -62.858  9.521 0.2000000030
76958  39.602  -61.831  9.447 0.2000000030
76850  39.735  -62.350  9.209 0.2000000030
76632  40.338  -62.856  8.555 0.2000000030
76633  40.606  -62.378  8.329 0.2000000030
76411  41.248  -62.788  7.835 0.2000000030
76308  45.867  -60.988  6.366 0.1000000015
76307  45.331  -60.966  6.505 0.1000000015
76192  44.755  -61.243  6.547 0.1000000015
76191  44.198  -61.327  6.688 0.1000000015
76076  44.193  -61.578  6.583 0.1000000015
76300  42.027  -62.340  7.369 0.1000000015
76185  41.857  -63.286  7.432 0.2000000030
76299  41.699  -62.777  7.533 0.2000000030
76190  43.690  -61.471  6.806 0.1000000015
76074  43.298  -62.046  6.834 0.1000000015
75957  42.964  -62.850  6.844 0.2000000030
75956  42.653  -63.279  6.971 0.2000000030
76071  42.283  -63.275  7.211 0.2000000030
77974  37.605  -60.997  16.256 0.1000000015
77876  37.527  -61.486  15.908 0.1000000015
78168  38.134  -59.648  16.525 0.1000000015
77877  37.644  -61.003  15.490 0.1000000015
77977  38.191  -59.666  14.912 0.1000000015
77879  38.056  -60.127  14.599 0.1000000015
77681  38.211  -60.574  13.509 0.1000000015
77680  38.004  -61.043  13.962 0.1000000015
77479  38.415  -61.079  12.441 0.1000000015
77378  38.894  -60.745  11.326 0.1000000015
77274  38.913  -61.241  10.982 0.1000000015
77170  39.217  -61.298  10.327 0.1000000015
77065  39.562  -61.342  9.724 0.2000000030
76851  40.027  -61.867  8.936 0.2000000030
76742  40.153  -62.359  8.726 0.2000000030
76743  40.474  -61.893  8.497 0.2000000030
76634  40.919  -61.911  8.142 0.2000000030
76524  41.410  -61.922  7.798 0.1000000015
76523  41.057  -62.375  7.972 0.2000000030
76645  46.833  -60.230  6.344 0.1000000015
76643  45.550  -60.213  6.817 0.1000000015
76531  44.793  -60.515  6.926 0.1000000015
76305  44.207  -61.098  6.793 0.1000000015
76412  41.549  -62.355  7.648 0.2000000030
76530  44.241  -60.583  7.039 0.1000000015
76529  43.699  -60.685  7.165 0.1000000015
76304  43.679  -61.206  6.902 0.1000000015
76189  43.249  -61.695  6.917 0.1000000015
76188  42.843  -62.012  7.034 0.1000000015
76187  42.476  -62.360  7.156 0.2000000030
78170  38.648  -58.932  15.592 0.1000000015
78075  38.690  -58.937  14.782 0.1000000015
77881  38.561  -59.332  13.710 0.1000000015
77682  38.434  -60.150  13.092 0.1000000015
77481  38.888  -60.241  11.645 0.1000000015
77276  39.525  -60.426  10.327 0.1000000015
77171  39.529  -60.877  10.035 0.2000000030
77173  40.371  -60.173  9.501 0.1000000015
77066  39.924  -60.938  9.466 0.1000000015
77067  40.342  -60.577  9.252 0.2000000030
76960  40.340  -60.992  8.985 0.2000000030
76961  40.793  -60.638  8.792 0.1000000015
76853  40.802  -61.032  8.549 0.2000000030
76967  44.036  -59.469  7.581 0.1000000015
76859  43.926  -59.785  7.526 0.1000000015
76966  43.422  -59.587  7.815 0.1000000015
76857  42.747  -60.057  7.924 0.1000000015
76855  41.797  -60.483  8.223 0.1000000015
76746  41.778  -60.802  8.014 0.1000000015
76745  41.294  -61.075  8.162 0.1000000015
76752  45.060  -59.949  7.073 0.1000000015
76750  43.810  -60.099  7.460 0.1000000015
76749  43.259  -60.216  7.617 0.1000000015
76639  43.211  -60.514  7.463 0.1000000015
76638  42.676  -60.696  7.578 0.1000000015
76527  42.674  -60.979  7.408 0.1000000015
76636  41.759  -61.140  7.834 0.1000000015
76525  41.799  -61.526  7.636 0.1000000015
76640  43.750  -60.396  7.323 0.1000000015
76528  43.176  -60.810  7.291 0.1000000015
76416  43.179  -61.072  7.135 0.1000000015
76415  42.712  -61.279  7.240 0.1000000015
76413  41.902  -61.931  7.473 0.1000000015
78076  39.029  -58.600  14.294 0.1000000015
77979  38.764  -58.944  13.993 0.1000000015
77784  39.117  -58.977  12.492 0.1000000015
77684  38.971  -59.357  12.240 0.1000000015
77483  39.602  -59.527  10.868 0.1000000015
77277  39.961  -60.068  10.021 0.1000000015
77387  43.344  -58.457  8.375 0.1000000015
77386  42.730  -58.558  8.692 0.1000000015
77281  42.017  -59.055  8.895 0.1000000015
77280  41.467  -59.243  9.174 0.1000000015
77278  40.409  -59.742  9.735 0.1000000015
77285  44.417  -58.572  7.716 0.1000000015
77388  43.973  -58.357  8.068 0.1000000015
77178  43.045  -59.092  8.215 0.1000000015
77282  42.584  -58.902  8.606 0.1000000015
77070  41.857  -59.712  8.652 0.1000000015
77069  41.336  -59.969  8.835 0.1000000015
77180  44.243  -58.893  7.667 0.1000000015
77074  44.109  -59.182  7.635 0.1000000015
77179  43.624  -59.001  7.922 0.1000000015
77177  42.490  -59.225  8.503 0.1000000015
76963  41.804  -60.106  8.439 0.1000000015
76854  41.305  -60.723  8.370 0.1000000015
77686  39.854  -58.687  11.301 0.1000000015
77687  40.326  -58.414  10.916 0.1000000015
77484  40.047  -59.182  10.516 0.1000000015
77688  40.844  -58.205  10.535 0.1000000015
77587  40.670  -58.550  10.341 0.1000000015
77382  40.454  -59.315  9.945 0.1000000015
77490  43.520  -58.107  8.455 0.1000000015
77489  42.907  -58.217  8.774 0.1000000015
77488  42.297  -58.354  9.111 0.1000000015
77486  41.109  -58.703  9.809 0.1000000015
77279  40.904  -59.459  9.470 0.1000000015
77491  44.207  -58.031  8.148 0.1000000015
77385  42.133  -58.677  9.002 0.1000000015
75595  44.217  -68.811  8.153 0.4000000060
75115  43.664  -67.340  5.933 0.5000000000
75833  42.789  -67.319  8.208 0.4000000060
76399  42.296  -68.080  11.691 0.1000000015
76625  40.333  -66.078  11.081 0.1000000015
76062  42.722  -68.101  9.643 0.2000000030
75950  42.236  -66.736  8.289 0.4000000060
75951  42.113  -66.120  8.003 0.4000000060
76944  40.346  -68.292  13.812 0.1000000015
76732  40.360  -66.812  12.336 0.1000000015
76739  39.658  -63.924  9.647 0.2000000030
76405  40.683  -65.960  9.623 0.2000000030
76293  40.982  -66.049  9.150 0.2000000030
76180  41.364  -66.135  8.706 0.2000000030
76295  40.926  -64.992  8.449 0.3000000119
76066  41.731  -66.143  8.334 0.3000000119
76408  40.608  -64.489  8.557 0.2000000030
76068  41.762  -64.984  7.794 0.3000000119
115904  41.912  -67.750  3.644 0.5000000000
76945  40.136  -67.851  13.660 0.1000000015
77053  39.423  -66.961  13.801 0.1000000015
77160  38.806  -66.052  13.888 0.1000000015
76840  40.040  -66.858  12.817 0.1000000015
76950  39.262  -65.504  12.393 0.1000000015
76949  39.378  -65.934  12.704 0.1000000015
76844  39.468  -65.093  11.482 0.1000000015
76626  40.143  -65.675  10.719 0.1000000015
76627  39.993  -65.289  10.287 0.1000000015
76846  39.352  -64.320  10.623 0.1000000015
76847  39.359  -63.871  10.240 0.2000000030
76183  41.464  -64.430  7.866 0.3000000119
75838  42.603  -64.301  7.016 0.4000000060
115902  41.731  -66.179  3.555 0.5000000000
115777  41.985  -66.244  3.878 0.5000000000
116026  41.484  -66.117  3.222 0.5000000000
74747  42.708  -64.524  4.182 0.5000000000
77369  38.159  -65.139  14.613 0.1000000015
77370  38.079  -64.634  14.275 0.1000000015
77161  38.686  -65.590  13.576 0.1000000015
77268  38.302  -64.143  13.218 0.1000000015
76951  39.174  -65.062  12.036 0.1000000015
77058  38.863  -64.589  12.249 0.1000000015
77164  38.572  -64.090  12.552 0.1000000015
76954  39.122  -63.767  10.844 0.1000000015
76956  39.205  -62.801  10.118 0.2000000030
75847  46.093  -61.746  5.603 0.2000000030
75730  46.396  -61.847  5.165 0.2000000030
75610  45.653  -62.007  5.204 0.2000000030
75609  45.224  -62.168  5.478 0.2000000030
75608  44.760  -62.363  5.663 0.2000000030
75960  44.140  -61.873  6.466 0.1000000015
75369  44.934  -62.278  4.868 0.2000000030
75368  44.583  -62.591  5.003 0.2000000030
75722  43.063  -63.783  6.581 0.4000000060
75000  43.791  -62.888  4.247 0.5000000000
75123  43.837  -63.006  4.566 0.4000000060
75248  44.924  -62.104  4.541 0.2000000030
75245  43.939  -63.168  4.903 0.4000000060
75243  43.574  -63.887  5.223 0.5000000000
75365  43.749  -63.632  5.471 0.5000000000
75603  43.166  -64.284  6.475 0.5000000000
75840  43.000  -63.301  6.721 0.3000000119
74750  43.313  -63.050  3.781 0.5000000000
74875  43.427  -63.138  4.082 0.5000000000
74997  43.188  -64.084  4.671 0.5000000000
74996  43.088  -64.589  4.835 0.5000000000
77776  37.481  -62.513  15.897 0.1000000015
77676  37.547  -63.075  15.510 0.1000000015
77474  37.808  -63.622  14.352 0.1000000015
77270  38.337  -63.062  12.506 0.1000000015
77477  38.074  -62.069  13.201 0.1000000015
77374  38.169  -62.554  12.855 0.1000000015
77060  38.874  -63.646  11.491 0.1000000015
77167  38.670  -62.640  11.452 0.2000000030
77169  38.968  -61.740  10.651 0.2000000030
75962  45.180  -61.599  6.172 0.1000000015
76193  45.330  -61.181  6.369 0.1000000015
77874  37.442  -62.466  16.682 0.1000000015
77973  37.534  -61.462  16.673 0.1000000015
77578  37.875  -62.058  13.969 0.1000000015
77878  37.831  -60.558  15.058 0.1000000015
77376  38.439  -61.580  12.099 0.1000000015
77377  38.652  -61.148  11.701 0.2000000030
76959  39.945  -61.386  9.185 0.2000000030
76422  46.531  -60.823  6.257 0.1000000015
76532  45.422  -60.500  6.761 0.1000000015
76420  45.345  -60.737  6.655 0.1000000015
76306  44.784  -60.998  6.640 0.1000000015
76186  42.145  -62.771  7.291 0.2000000030
76303  43.217  -61.372  7.001 0.1000000015
76072  42.575  -62.799  7.074 0.1000000015
77975  37.732  -60.533  15.816 0.1000000015
78166  37.852  -60.537  17.374 0.1000000015
78071  37.750  -60.528  16.597 0.1000000015
78263  38.421  -59.345  16.851 0.1000000015
78169  38.378  -59.266  16.068 0.1000000015
78072  37.913  -60.061  16.162 0.1000000015
77976  37.938  -60.080  15.374 0.1000000015
78074  38.389  -59.281  15.245 0.1000000015
77780  37.993  -60.587  14.298 0.1000000015
77880  38.309  -59.711  14.139 0.1000000015
77581  38.411  -60.569  12.768 0.1000000015
77480  38.646  -60.657  12.041 0.1000000015
77379  39.175  -60.351  10.933 0.1000000015
76744  40.827  -61.461  8.331 0.2000000030
76635  41.327  -61.488  7.978 0.1000000015
76533  46.035  -60.501  6.550 0.1000000015
76642  44.910  -60.256  7.019 0.1000000015
76419  44.787  -60.755  6.783 0.1000000015
76417  43.671  -60.935  7.029 0.1000000015
76301  42.374  -61.973  7.228 0.1000000015
77782  38.459  -59.738  13.417 0.1000000015
77683  38.690  -59.757  12.669 0.1000000015
77583  38.928  -59.801  11.949 0.1000000015
77482  39.200  -59.884  11.244 0.1000000015
77380  39.551  -59.977  10.592 0.1000000015
77172  39.915  -60.494  9.777 0.1000000015
77068  40.820  -60.265  9.027 0.1000000015
77075  44.767  -59.093  7.379 0.1000000015
76861  45.194  -59.640  7.081 0.1000000015
76751  44.418  -60.004  7.260 0.1000000015
76965  42.859  -59.724  8.038 0.1000000015
77072  42.967  -59.401  8.123 0.1000000015
76856  42.250  -60.238  8.086 0.1000000015
76748  42.720  -60.384  7.761 0.1000000015
76637  42.215  -60.891  7.702 0.1000000015
76414  42.284  -61.580  7.338 0.1000000015
78077  39.415  -58.288  13.784 0.1000000015
77882  38.884  -58.960  13.235 0.1000000015
77883  39.288  -58.607  12.744 0.1000000015
77685  39.393  -59.027  11.766 0.1000000015
77584  39.271  -59.443  11.518 0.1000000015
77585  39.706  -59.091  11.103 0.1000000015
77381  39.993  -59.625  10.270 0.1000000015
77283  43.171  -58.791  8.297 0.1000000015
77591  43.118  -57.876  8.882 0.1000000015
77383  40.990  -59.075  9.637 0.1000000015
77176  41.929  -59.397  8.792 0.1000000015
77487  41.704  -58.522  9.462 0.1000000015
77174  40.863  -59.868  9.265 0.1000000015
77284  43.770  -58.688  7.995 0.1000000015
77786  40.007  -58.320  11.547 0.1000000015
77586  40.169  -58.780  10.720 0.1000000015
77485  40.541  -58.913  10.160 0.1000000015
77588  41.258  -58.358  9.977 0.1000000015
77689  41.447  -58.025  10.124 0.1000000015
77592  43.763  -57.778  8.548 0.1000000015
77593  44.476  -57.711  8.230 0.1000000015
77590  42.486  -58.032  9.206 0.1000000015
75350  47.375  -71.475  8.839 0.1000000015
75229  47.412  -71.573  8.185 0.1000000015
75230  46.713  -71.120  7.872 0.1000000015
75352  46.206  -70.684  8.220 0.1000000015
75353  45.722  -70.213  7.956 0.1000000015
75591  45.894  -70.391  9.371 0.1000000015
75592  45.417  -70.044  9.030 0.1000000015
75711  44.755  -69.587  9.218 0.1000000015
75107  47.355  -71.636  7.493 0.2000000030
74983  47.958  -72.255  7.104 0.2000000030
75231  46.190  -70.704  7.642 0.1000000015
75474  45.188  -69.732  8.204 0.1000000015
74858  48.347  -73.089  6.713 0.2000000030
74984  47.239  -71.730  6.836 0.2000000030
75108  46.717  -71.179  7.254 0.2000000030
75109  46.076  -70.748  7.073 0.2000000030
75354  45.263  -69.743  7.696 0.3000000119
75232  45.692  -70.224  7.437 0.3000000119
75233  45.226  -69.749  7.197 0.3000000119
74985  46.586  -71.291  6.635 0.2000000030
74733  47.970  -73.357  6.083 0.2000000030
75110  45.558  -70.226  6.897 0.2000000030
74734  47.372  -72.691  5.843 0.2000000030
116164  47.707  -77.579  4.986 0.1000000015
74860  47.037  -71.900  6.217 0.2000000030
74859  47.728  -72.433  6.415 0.2000000030
115915  47.733  -75.600  5.278 0.1000000015
74606  48.031  -74.304  5.862 0.1000000015
74861  46.354  -71.418  6.029 0.2000000030
74986  45.903  -70.808  6.490 0.2000000030
115916  48.010  -76.427  5.621 0.1000000015
75111  45.061  -69.752  6.677 0.4000000060
115789  47.667  -74.608  5.392 0.2000000030
116163  47.539  -76.732  4.685 0.1000000015
116285  47.344  -76.864  4.220 0.2000000030
116040  47.755  -76.582  5.148 0.1000000015
74607  47.559  -73.606  5.565 0.2000000030
74735  46.711  -72.112  5.640 0.2000000030
74736  45.996  -71.603  5.473 0.2000000030
74862  45.620  -70.910  5.901 0.4000000060
116039  47.480  -75.769  4.805 0.1000000015
74737  45.289  -71.025  5.338 0.4000000060
74988  44.767  -69.745  6.119 0.4000000060
115788  47.232  -73.920  5.095 0.3000000119
115787  46.645  -73.185  4.841 0.3000000119
115914  47.384  -74.879  4.937 0.2000000030
116038  47.090  -74.986  4.478 0.4000000060
74864  44.435  -69.766  5.578 0.4000000060
74609  46.312  -72.342  5.106 0.3000000119
116037  46.529  -74.191  4.211 0.4000000060
115913  46.907  -74.088  4.640 0.3000000119
75967  47.769  -61.607  4.903 0.1000000015
75965  46.767  -61.658  5.533 0.1000000015
74610  45.602  -71.725  4.935 0.4000000060
74738  44.642  -70.415  5.254 0.5000000000
116036  45.847  -73.482  4.000 0.4000000060
115912  46.289  -73.354  4.396 0.3000000119
115786  45.991  -72.515  4.612 0.4000000060
115911  45.573  -72.653  4.208 0.4000000060
75966  47.262  -61.656  5.239 0.1000000015
75851  47.959  -61.480  4.438 0.1000000015
75849  47.091  -61.740  5.076 0.1000000015
74739  44.054  -69.779  5.138 0.4000000060
74612  44.252  -70.449  4.814 0.5000000000
115784  44.546  -71.229  4.491 0.5000000000
74613  43.665  -69.815  4.721 0.5000000000
75732  47.247  -61.624  4.629 0.1000000015
75612  46.494  -61.736  4.759 0.1000000015
75494  46.945  -61.296  4.183 0.1000000015
75613  46.895  -61.571  4.508 0.1000000015
75371  45.736  -61.738  4.549 0.1000000015
75470  47.236  -71.314  9.421 0.1000000015
75351  46.679  -71.047  8.511 0.1000000015
75473  45.609  -70.153  8.488 0.1000000015
75472  46.086  -70.550  8.801 0.1000000015
75471  46.564  -70.924  9.112 0.1000000015
75828  44.474  -69.412  9.702 0.1000000015
74989  44.309  -69.151  5.917 0.4000000060
75492  46.121  -61.713  4.650 0.1000000015
75228  48.131  -72.064  8.484 0.1000000015
74987  45.299  -70.284  6.337 0.3000000119
74608  46.985  -72.929  5.319 0.2000000030
74863  44.992  -70.355  5.781 0.4000000060
74611  44.903  -71.141  4.905 0.4000000060
75850  47.524  -61.626  4.773 0.1000000015
75493  46.520  -61.521  4.413 0.1000000015
75709  45.615  -70.167  9.865 0.1000000015
116657  38.549  -80.790  2.956 0.1000000015
116775  38.411  -81.231  2.611 0.1000000015
117007  39.197  -82.050  2.416 0.1000000015
116658  37.607  -80.707  2.813 0.1000000015
116890  40.258  -81.676  3.016 0.1000000015
116539  37.713  -80.233  3.205 0.1000000015
116659  36.782  -80.638  2.654 0.1000000015
116661  35.107  -80.568  2.401 0.1000000015
116777  36.676  -81.124  2.230 0.1000000015
76021  34.780  -84.651  12.334 0.1000000015
116061  31.996  -79.257  5.491 0.1000000015
116183  32.362  -79.215  4.730 0.1000000015
116656  39.491  -80.841  3.138 0.1000000015
116304  32.929  -79.313  4.011 0.1000000015
116423  34.409  -79.577  3.286 0.1000000015
116655  40.450  -80.891  3.433 0.1000000015
116543  34.248  -80.076  2.807 0.1000000015
117006  40.163  -82.108  2.805 0.1000000015
66447  35.485  -84.754  13.412 0.1000000015
75906  34.456  -84.500  12.054 0.1000000015
75791  34.459  -83.706  11.693 0.1000000015
66701  36.120  -84.485  14.429 0.1000000015
66574  35.429  -84.832  13.680 0.1000000015
76135  35.058  -84.709  12.676 0.1000000015
76022  35.184  -83.956  12.312 0.1000000015
75438  33.541  -82.653  10.822 0.1000000015
74831  32.334  -80.205  8.747 0.1000000015
115813  32.176  -79.221  6.778 0.1000000015
116538  38.634  -80.331  3.321 0.1000000015
116540  36.894  -80.159  3.078 0.1000000015
116536  40.486  -80.470  3.746 0.1000000015
116889  41.241  -81.721  3.408 0.1000000015
117005  41.120  -82.140  3.229 0.1000000015
75907  34.825  -83.830  12.007 0.1000000015
75792  34.782  -83.037  11.732 0.1000000015
66576  36.750  -84.062  14.781 0.1000000015
66448  36.202  -84.316  13.889 0.1000000015
76361  35.989  -84.266  13.458 0.1000000015
76023  35.527  -83.283  12.445 0.1000000015
75793  35.093  -82.372  11.869 0.1000000015
75676  34.689  -82.253  11.532 0.1000000015
75440  34.149  -81.393  10.938 0.1000000015
75200  33.627  -80.503  10.205 0.1000000015
75078  33.175  -80.366  9.743 0.1000000015
75079  33.480  -79.666  9.665 0.1000000015
74956  33.097  -79.628  9.135 0.1000000015
74708  32.886  -79.029  7.836 0.1000000015
74582  32.583  -79.054  7.277 0.1000000015
74583  33.111  -78.588  7.066 0.1000000015
115936  32.983  -78.596  5.763 0.1000000015
116179  35.583  -78.706  4.295 0.1000000015
116537  39.528  -80.406  3.480 0.1000000015
116297  38.714  -79.373  4.063 0.1000000015
116419  37.808  -79.771  3.563 0.1000000015
116300  36.294  -79.122  3.840 0.1000000015
116422  35.311  -79.579  3.308 0.1000000015
116535  41.503  -80.527  4.116 0.1000000015
116773  40.365  -81.280  3.208 0.1000000015
75678  35.320  -80.882  11.912 0.1000000015
66702  36.677  -84.180  15.032 0.1000000015
76473  36.631  -83.833  14.092 0.1000000015
76250  36.164  -83.566  13.234 0.1000000015
75909  35.490  -82.505  12.250 0.1000000015
75794  35.416  -81.694  12.091 0.1000000015
75559  34.576  -81.465  11.329 0.1000000015
75322  34.334  -79.902  10.637 0.1000000015
75080  33.851  -79.044  9.516 0.1000000015
74958  33.947  -78.476  8.786 0.1000000015
66449  36.792  -83.926  14.527 0.1000000015
76474  37.042  -83.291  14.343 0.1000000015
76362  36.429  -83.706  13.650 0.1000000015
76251  36.541  -82.979  13.458 0.1000000015
76024  35.866  -82.651  12.651 0.1000000015
74957  33.515  -79.024  8.957 0.1000000015
74833  33.192  -79.023  8.399 0.1000000015
74709  33.368  -78.534  7.638 0.1000000015
74585  34.230  -77.858  6.717 0.1000000015
115811  33.324  -78.364  6.330 0.1000000015
115809  34.581  -77.883  5.992 0.1000000015
115935  33.650  -78.324  5.588 0.1000000015
116057  34.877  -78.367  4.816 0.1000000015
115934  34.352  -78.130  5.449 0.1000000015
116054  37.301  -78.276  4.661 0.1000000015
116056  35.699  -78.340  4.751 0.1000000015
116058  34.119  -78.453  4.894 0.1000000015
116298  37.915  -79.261  3.941 0.1000000015
116177  37.216  -78.709  4.277 0.1000000015
116416  40.514  -80.064  4.094 0.1000000015
116415  41.527  -80.173  4.409 0.1000000015
116771  42.347  -81.368  3.938 0.1000000015
116654  41.443  -80.891  3.845 0.1000000015
116652  43.589  -81.012  4.467 0.1000000015
116653  42.451  -80.987  4.208 0.1000000015
75679  35.653  -80.234  12.114 0.1000000015
75560  34.883  -80.782  11.470 0.1000000015
66577  37.301  -83.710  15.535 0.1000000015
76585  37.605  -82.832  15.136 0.1000000015
76475  37.410  -82.700  14.638 0.1000000015
76364  37.178  -82.557  14.158 0.1000000015
76025  36.200  -82.014  12.917 0.1000000015
75910  35.830  -81.845  12.504 0.1000000015
75795  35.747  -81.013  12.358 0.1000000015
75442  34.766  -80.024  11.117 0.1000000015
75202  34.242  -79.109  10.097 0.1000000015
75082  34.646  -77.902  9.220 0.1000000015
76584  37.209  -83.411  14.809 0.1000000015
76363  36.828  -83.141  13.892 0.1000000015
74959  34.356  -77.944  8.614 0.1000000015
74835  34.082  -78.000  8.033 0.1000000015
74710  33.836  -78.069  7.454 0.1000000015
74836  34.551  -77.593  7.850 0.1000000015
74711  34.366  -77.715  7.281 0.1000000015
74712  34.918  -77.420  7.109 0.1000000015
74586  34.807  -77.635  6.530 0.1000000015
115931  36.638  -77.927  5.121 0.1000000015
115807  35.987  -77.608  5.693 0.1000000015
116174  39.710  -79.046  4.586 0.1000000015
116051  39.839  -78.631  4.936 0.1000000015
116175  38.836  -78.906  4.424 0.1000000015
116052  38.956  -78.466  4.772 0.1000000015
115930  37.397  -77.895  5.064 0.1000000015
116055  36.510  -78.303  4.687 0.1000000015
116173  40.676  -79.237  4.819 0.1000000015
116176  38.020  -78.781  4.324 0.1000000015
116295  40.588  -79.673  4.462 0.1000000015
116172  41.683  -79.439  5.094 0.1000000015
116294  41.583  -79.820  4.734 0.1000000015
116534  42.562  -80.620  4.468 0.1000000015
76803  38.282  -82.405  16.526 0.1000000015
66578  37.763  -83.238  16.396 0.1000000015
66703  37.200  -83.837  15.807 0.1000000015
76476  37.754  -82.083  15.006 0.1000000015
76365  37.480  -81.930  14.513 0.1000000015
75561  35.212  -80.119  11.610 0.1000000015
76694  37.737  -82.936  15.641 0.1000000015
76253  37.189  -81.757  14.087 0.1000000015
75912  36.471  -80.555  13.074 0.1000000015
75562  35.566  -79.465  11.740 0.1000000015
75444  35.432  -78.689  11.222 0.1000000015
75204  34.960  -77.898  9.843 0.1000000015
75563  35.918  -78.839  11.841 0.1000000015
75205  35.359  -77.410  9.742 0.1000000015
75084  35.509  -76.984  8.930 0.1000000015
74960  34.792  -77.476  8.442 0.1000000015
74837  35.065  -77.243  7.668 0.1000000015
74961  35.267  -77.079  8.269 0.1000000015
74838  35.648  -76.972  7.506 0.1000000015
74714  36.217  -77.045  6.783 0.1000000015
74588  36.179  -77.328  6.225 0.1000000015
115805  37.524  -77.530  5.492 0.1000000015
115806  36.784  -77.562  5.595 0.1000000015
115929  38.165  -77.928  5.080 0.1000000015
116050  40.781  -78.823  5.168 0.1000000015
115927  39.959  -78.256  5.286 0.1000000015
116049  41.800  -79.047  5.433 0.1000000015
116171  42.747  -79.635  5.362 0.1000000015
116414  42.627  -80.274  4.738 0.1000000015
116533  43.693  -80.667  4.748 0.1000000015
76029  37.617  -79.661  14.152 0.1000000015
75915  37.589  -78.898  13.820 0.1000000015
76695  38.163  -82.301  16.030 0.1000000015
76587  38.407  -81.592  15.923 0.1000000015
76477  38.148  -81.455  15.429 0.1000000015
76028  37.230  -80.204  13.908 0.1000000015
75798  36.802  -79.224  13.022 0.1000000015
75682  36.707  -78.493  12.565 0.1000000015
76586  37.984  -82.211  15.506 0.1000000015
76141  37.218  -80.967  14.044 0.1000000015
75797  36.442  -79.779  12.838 0.1000000015
75564  36.249  -78.299  11.897 0.1000000015
75447  36.494  -77.187  11.150 0.1000000015
75207  36.274  -76.639  9.484 0.1000000015
75445  35.775  -78.119  11.199 0.1000000015
75326  35.705  -77.479  10.448 0.1000000015
75086  36.608  -76.417  8.595 0.1000000015
74839  36.311  -76.763  7.349 0.1000000015
74715  36.946  -76.929  6.632 0.1000000015
74589  36.932  -77.228  6.100 0.1000000015
74592  39.261  -77.341  5.980 0.1000000015
74590  37.684  -77.171  6.001 0.1000000015
115802  40.040  -77.887  5.655 0.1000000015
115803  39.138  -77.701  5.539 0.1000000015
115801  40.999  -78.077  5.830 0.1000000015
115925  41.893  -78.653  5.751 0.1000000015
116048  42.856  -79.286  5.702 0.1000000015
76368  38.786  -80.306  15.653 0.1000000015
76697  39.100  -81.274  16.824 0.1000000015
76479  39.113  -80.525  16.123 0.1000000015
76256  38.414  -80.079  15.166 0.1000000015
76143  37.999  -79.886  14.661 0.1000000015
75916  37.922  -78.399  13.938 0.1000000015
76911  38.819  -81.967  17.454 0.1000000015
76804  38.754  -81.840  16.949 0.1000000015
76478  38.664  -80.935  15.846 0.1000000015
76255  37.990  -80.582  14.849 0.1000000015
76142  37.601  -80.404  14.384 0.1000000015
75799  37.141  -78.703  13.200 0.1000000015
75683  37.050  -77.995  12.641 0.1000000015
75566  36.909  -77.342  11.903 0.1000000015
75565  36.575  -77.808  11.914 0.1000000015
75329  37.033  -76.328  10.095 0.1000000015
75208  36.794  -76.344  9.317 0.1000000015
75087  37.221  -76.172  8.414 0.1000000015
74840  37.010  -76.626  7.186 0.1000000015
74841  37.735  -76.516  7.029 0.1000000015
74716  37.703  -76.845  6.502 0.1000000015
74718  39.260  -76.964  6.417 0.1000000015
74594  41.087  -77.675  6.175 0.1000000015
74593  40.140  -77.505  6.046 0.1000000015
115799  42.982  -78.540  6.368 0.1000000015
115923  43.961  -79.150  6.306 0.1000000015
76589  39.360  -80.711  16.631 0.1000000015
76257  38.803  -79.570  15.418 0.1000000015
76031  38.362  -78.597  14.501 0.1000000015
76588  38.907  -81.117  16.336 0.1000000015
76144  38.423  -79.357  14.881 0.1000000015
75801  37.786  -77.719  13.308 0.1000000015
75685  37.680  -77.056  12.551 0.1000000015
75567  37.286  -76.895  11.836 0.1000000015
75449  37.332  -76.380  10.935 0.1000000015
75330  37.534  -76.003  9.877 0.1000000015
75209  37.374  -76.066  9.130 0.1000000015
75088  37.850  -75.987  8.241 0.1000000015
74964  37.110  -76.371  7.773 0.1000000015
74967  39.280  -76.192  7.335 0.1000000015
74965  37.779  -76.224  7.603 0.1000000015
74844  40.075  -76.692  6.834 0.1000000015
74843  39.265  -76.582  6.878 0.1000000015
74846  41.926  -76.996  6.926 0.1000000015
74719  40.084  -77.090  6.439 0.1000000015
74721  41.954  -77.419  6.627 0.1000000015
74596  43.052  -78.123  6.662 0.1000000015
115797  45.099  -78.951  6.898 0.1000000015
115921  46.107  -79.155  6.694 0.1000000015
76480  39.508  -80.020  16.425 0.1000000015
76369  39.173  -79.791  15.918 0.1000000015
76032  38.661  -78.105  14.551 0.1000000015
75802  38.078  -77.259  13.236 0.1000000015
76590  39.801  -80.231  16.942 0.1000000015
75917  38.228  -77.929  13.940 0.1000000015
75568  37.678  -76.489  11.728 0.1000000015
75331  38.057  -75.714  9.650 0.1000000015
75211  38.532  -75.645  8.739 0.1000000015
75212  39.202  -75.593  8.545 0.1000000015
74970  41.866  -76.582  7.244 0.1000000015
74968  40.058  -76.304  7.265 0.1000000015
74845  40.960  -76.823  6.843 0.1000000015
74722  42.969  -77.647  6.879 0.1000000015
74597  44.104  -78.380  6.971 0.1000000015
74598  45.105  -78.556  7.229 0.1000000015
74600  47.095  -78.227  7.436 0.1000000015
115793  48.007  -77.688  6.610 0.1000000015
76481  40.006  -79.429  16.707 0.1000000015
76259  39.681  -78.443  15.815 0.1000000015
76033  38.963  -77.629  14.564 0.1000000015
75919  38.807  -77.039  13.813 0.1000000015
75803  38.385  -76.818  13.133 0.1000000015
76146  39.160  -78.263  15.197 0.1000000015
75687  38.387  -76.177  12.292 0.1000000015
75569  38.070  -76.059  11.528 0.1000000015
75451  38.234  -75.629  10.469 0.1000000015
75333  39.213  -75.321  9.280 0.1000000015
75214  40.733  -75.667  8.299 0.1000000015
75091  40.013  -75.958  7.783 0.1000000015
75344  48.100  -74.701  10.297 0.1000000015
75222  47.910  -75.487  9.619 0.1000000015
75221  47.081  -75.794  9.405 0.1000000015
75097  45.569  -76.540  8.515 0.1000000015
75096  44.577  -76.542  8.273 0.1000000015
75093  41.753  -76.177  7.697 0.1000000015
74969  40.921  -76.433  7.211 0.1000000015
75223  48.579  -75.041  9.732 0.1000000015
75100  48.202  -75.889  9.102 0.1000000015
75098  46.502  -76.445  8.760 0.1000000015
74971  42.824  -76.733  7.428 0.1000000015
75345  48.632  -74.174  10.320 0.1000000015
75101  48.862  -75.407  9.065 0.1000000015
74851  46.854  -77.443  8.118 0.1000000015
74849  44.931  -77.532  7.694 0.1000000015
74848  43.927  -77.406  7.395 0.1000000015
75224  49.044  -74.511  9.604 0.1000000015
75102  49.322  -74.840  8.871 0.1000000015
74977  48.417  -76.290  8.594 0.1000000015
74724  45.027  -78.039  7.472 0.1000000015
74853  48.546  -76.692  8.072 0.1000000015
74725  45.992  -78.106  7.701 0.1000000015
74855  49.088  -75.597  7.606 0.1000000015
74601  47.793  -77.858  7.295 0.1000000015
74603  48.478  -76.702  6.849 0.1000000015
76372  40.805  -78.172  16.362 0.1000000015
76371  40.210  -78.660  16.347 0.1000000015
76260  40.223  -77.979  15.777 0.1000000015
76148  40.041  -77.373  15.079 0.1000000015
76034  39.343  -77.216  14.465 0.1000000015
76147  39.584  -77.785  15.195 0.1000000015
75804  38.716  -76.353  12.983 0.1000000015
75688  38.747  -75.707  12.072 0.1000000015
75570  38.487  -75.622  11.310 0.1000000015
75452  38.745  -75.334  10.273 0.1000000015
75335  40.648  -75.256  8.945 0.1000000015
75216  42.511  -75.855  8.279 0.1000000015
75092  40.842  -76.074  7.683 0.1000000015
75219  45.330  -76.054  8.885 0.1000000015
75218  44.367  -76.030  8.645 0.1000000015
75094  42.718  -76.278  7.805 0.1000000015
75343  47.461  -75.089  10.101 0.1000000015
75226  49.165  -73.352  9.079 0.1000000015
75225  49.238  -73.959  9.370 0.1000000015
76373  41.431  -77.796  16.251 0.1000000015
76262  41.219  -77.266  15.427 0.1000000015
76261  40.751  -77.591  15.635 0.1000000015
76035  39.692  -76.819  14.309 0.1000000015
76037  40.396  -75.952  13.876 0.1000000015
76149  40.459  -77.012  14.879 0.1000000015
75920  39.166  -76.586  13.670 0.1000000015
75921  39.527  -76.106  13.485 0.1000000015
75805  39.040  -75.880  12.780 0.1000000015
75806  39.393  -75.464  12.538 0.1000000015
75689  39.103  -75.316  11.811 0.1000000015
75453  39.278  -75.124  10.060 0.1000000015
75455  40.587  -74.901  9.616 0.1000000015
75454  39.894  -74.976  9.835 0.1000000015
75337  42.287  -75.422  8.792 0.1000000015
75457  42.052  -75.007  9.374 0.1000000015
75336  41.451  -75.310  8.857 0.1000000015
75342  46.675  -75.342  9.810 0.1000000015
75462  46.175  -74.983  10.128 0.1000000015
75339  44.073  -75.573  8.983 0.1000000015
75465  48.082  -73.899  10.833 0.1000000015
75463  46.898  -74.729  10.472 0.1000000015
75217  43.452  -75.926  8.423 0.1000000015
75466  48.450  -73.319  10.753 0.1000000015
76263  41.594  -76.935  15.194 0.1000000015
76150  40.809  -76.630  14.632 0.1000000015
76151  41.119  -76.243  14.396 0.1000000015
75922  39.856  -75.683  13.260 0.1000000015
75807  39.768  -75.107  12.304 0.1000000015
75690  39.499  -74.978  11.570 0.1000000015
75691  39.977  -74.699  11.329 0.1000000015
75573  39.893  -74.768  10.574 0.1000000015
75576  41.895  -74.672  9.968 0.1000000015
75456  41.317  -74.898  9.470 0.1000000015
75459  43.738  -75.152  9.371 0.1000000015
75458  42.884  -75.102  9.328 0.1000000015
75464  47.544  -74.388  10.728 0.1000000015
75467  48.558  -72.735  10.493 0.1000000015
75348  48.640  -72.471  9.464 0.1000000015
76153  41.710  -75.570  14.051 0.1000000015
76039  41.073  -75.255  13.420 0.1000000015
75808  40.197  -74.804  12.069 0.1000000015
75923  40.206  -75.301  13.035 0.1000000015
75692  40.509  -74.501  11.061 0.1000000015
75574  40.508  -74.640  10.298 0.1000000015
75575  41.184  -74.615  10.107 0.1000000015
75578  43.470  -74.815  9.860 0.1000000015
75461  45.440  -75.131  9.841 0.1000000015
75579  44.256  -74.799  10.003 0.1000000015
75584  47.482  -73.674  11.186 0.1000000015
75469  47.842  -71.710  9.760 0.1000000015
75349  48.056  -71.915  9.145 0.1000000015
76041  41.779  -74.656  13.060 0.1000000015
75924  40.572  -74.976  12.781 0.1000000015
75925  40.955  -74.693  12.547 0.1000000015
75927  41.885  -74.259  12.160 0.1000000015
75809  40.655  -74.535  11.819 0.1000000015
75810  41.186  -74.352  11.584 0.1000000015
75693  41.099  -74.407  10.806 0.1000000015
75694  41.802  -74.381  10.617 0.1000000015
75577  42.649  -74.753  9.882 0.1000000015
75587  47.919  -71.936  10.581 0.1000000015
75585  47.862  -73.093  11.143 0.1000000015
75581  45.728  -74.622  10.493 0.1000000015
75588  47.515  -71.502  10.245 0.1000000015
75926  41.386  -74.451  12.349 0.1000000015
75928  42.465  -74.158  12.007 0.1000000015
75814  43.718  -74.185  11.130 0.1000000015
75813  43.090  -74.205  11.156 0.1000000015
75811  41.800  -74.226  11.367 0.1000000015
75815  44.395  -74.099  11.220 0.1000000015
75695  42.488  -74.424  10.489 0.1000000015
75696  43.211  -74.484  10.458 0.1000000015
75586  48.016  -72.485  10.941 0.1000000015
75704  47.459  -72.274  11.247 0.1000000015
75583  46.969  -74.077  11.056 0.1000000015
75582  46.375  -74.394  10.793 0.1000000015
75580  45.027  -74.751  10.243 0.1000000015
75589  46.964  -71.135  9.941 0.1000000015
75702  46.963  -73.409  11.497 0.1000000015
75816  44.963  -73.962  11.325 0.1000000015
75812  42.462  -74.175  11.228 0.1000000015
75697  43.951  -74.471  10.499 0.1000000015
75819  46.459  -73.211  11.841 0.1000000015
75700  45.980  -74.100  11.134 0.1000000015
75698  44.669  -74.369  10.665 0.1000000015
75701  46.497  -73.799  11.373 0.1000000015
75699  45.346  -74.269  10.888 0.1000000015
115814  31.661  -79.769  7.030 0.1000000015
115812  32.738  -78.757  6.543 0.1000000015
116059  33.376  -78.625  5.030 0.1000000015
116060  32.664  -78.901  5.215 0.1000000015
116182  33.112  -78.953  4.512 0.1000000015
116892  38.309  -81.611  2.317 0.1000000015
116181  33.898  -78.790  4.327 0.1000000015
116774  39.345  -81.219  2.868 0.1000000015
116421  36.176  -79.598  3.372 0.1000000015
116302  34.582  -79.121  3.794 0.1000000015
116541  36.075  -80.090  2.942 0.1000000015
116778  35.882  -81.071  2.080 0.1000000015
116542  35.162  -80.082  2.817 0.1000000015
76134  34.574  -85.235  12.798 0.1000000015
116184  31.679  -79.568  5.017 0.1000000015
115938  31.777  -79.422  6.295 0.1000000015
116424  33.551  -79.628  3.374 0.1000000015
76249  35.750  -84.167  13.067 0.1000000015
75558  34.263  -82.139  11.215 0.1000000015
74832  32.736  -79.595  8.598 0.1000000015
74707  32.413  -79.570  8.049 0.1000000015
116418  38.652  -79.860  3.693 0.1000000015
116420  37.007  -79.665  3.493 0.1000000015
75908  35.154  -83.160  12.071 0.1000000015
75677  35.001  -81.570  11.695 0.1000000015
75321  34.035  -80.618  10.618 0.1000000015
75320  33.738  -81.274  10.569 0.1000000015
75441  34.427  -80.727  11.028 0.1000000015
75201  33.914  -79.782  10.148 0.1000000015
74834  33.646  -78.490  8.214 0.1000000015
74584  33.653  -78.179  6.880 0.1000000015
116178  36.393  -78.685  4.273 0.1000000015
116180  34.705  -78.739  4.304 0.1000000015
116296  39.600  -79.504  4.239 0.1000000015
75323  34.652  -79.227  10.667 0.1000000015
75203  34.608  -78.471  9.997 0.1000000015
75081  34.262  -78.461  9.379 0.1000000015
76252  36.878  -82.383  13.740 0.1000000015
115933  35.043  -78.012  5.312 0.1000000015
115808  35.223  -77.732  5.820 0.1000000015
115932  35.827  -77.961  5.209 0.1000000015
116053  38.085  -78.330  4.701 0.1000000015
75796  36.062  -80.355  12.585 0.1000000015
66450  37.332  -83.512  15.287 0.1000000015
76026  36.508  -81.369  13.209 0.1000000015
75911  36.136  -81.181  12.778 0.1000000015
75324  34.992  -78.564  10.604 0.1000000015
75083  35.046  -77.391  9.068 0.1000000015
74587  35.444  -77.462  6.358 0.1000000015
115928  39.027  -78.066  5.145 0.1000000015
76366  37.873  -81.319  14.953 0.1000000015
75680  36.009  -79.600  12.299 0.1000000015
75325  35.332  -77.965  10.486 0.1000000015
75681  36.362  -79.015  12.445 0.1000000015
75327  36.126  -77.059  10.378 0.1000000015
75206  35.806  -76.988  9.639 0.1000000015
75085  36.032  -76.668  8.770 0.1000000015
115804  38.297  -77.570  5.488 0.1000000015
115924  42.920  -78.916  6.035 0.1000000015
116170  43.859  -79.788  5.632 0.1000000015
116293  42.667  -79.954  5.039 0.1000000015
76030  38.021  -79.117  14.371 0.1000000015
75914  37.235  -79.439  13.612 0.1000000015
76696  38.602  -81.685  16.444 0.1000000015
76367  38.350  -80.762  15.343 0.1000000015
76254  37.559  -81.161  14.491 0.1000000015
75446  36.114  -77.625  11.174 0.1000000015
75448  36.924  -76.776  11.099 0.1000000015
75328  36.567  -76.674  10.249 0.1000000015
74963  36.458  -76.569  7.941 0.1000000015
74717  38.484  -76.841  6.411 0.1000000015
115800  41.993  -78.282  6.057 0.1000000015
116047  43.915  -79.492  5.981 0.1000000015
75800  37.471  -78.206  13.306 0.1000000015
75684  37.356  -77.516  12.623 0.1000000015
75210  37.938  -75.811  8.923 0.1000000015
74842  38.499  -76.492  6.915 0.1000000015
74595  42.060  -77.875  6.370 0.1000000015
115798  44.007  -78.798  6.653 0.1000000015
115922  45.066  -79.257  6.551 0.1000000015
76145  38.778  -78.796  15.078 0.1000000015
76258  39.211  -78.994  15.636 0.1000000015
75686  38.036  -76.641  12.469 0.1000000015
75450  37.747  -75.984  10.688 0.1000000015
74966  38.504  -76.168  7.461 0.1000000015
75090  39.236  -75.897  7.894 0.1000000015
74720  40.998  -77.237  6.510 0.1000000015
74847  42.902  -77.197  7.120 0.1000000015
74599  46.164  -78.496  7.416 0.1000000015
115796  46.151  -78.864  7.074 0.1000000015
115795  47.020  -78.595  7.038 0.1000000015
76370  39.636  -79.216  16.169 0.1000000015
75918  38.496  -77.474  13.907 0.1000000015
75332  38.615  -75.472  9.468 0.1000000015
75213  39.945  -75.611  8.392 0.1000000015
74723  44.040  -77.878  7.192 0.1000000015
74726  47.010  -77.863  7.815 0.1000000015
74727  47.851  -77.486  7.759 0.1000000015
74602  48.226  -77.388  7.081 0.1000000015
75571  38.893  -75.252  11.066 0.1000000015
75334  39.894  -75.259  9.085 0.1000000015
75220  46.222  -75.957  9.131 0.1000000015
75099  47.375  -76.240  8.982 0.1000000015
74974  45.746  -77.041  8.172 0.1000000015
74973  44.771  -77.032  7.934 0.1000000015
74972  43.785  -76.909  7.667 0.1000000015
75095  43.636  -76.414  8.021 0.1000000015
75215  41.593  -75.760  8.273 0.1000000015
74976  47.611  -76.686  8.577 0.1000000015
74975  46.681  -76.935  8.400 0.1000000015
75346  48.931  -73.639  10.144 0.1000000015
74978  49.012  -75.842  8.420 0.1000000015
74850  45.887  -77.561  7.929 0.1000000015
74852  47.792  -77.110  8.190 0.1000000015
75347  48.936  -73.082  9.798 0.1000000015
74728  48.391  -77.092  7.565 0.1000000015
74729  48.739  -76.559  7.342 0.1000000015
75341  45.861  -75.508  9.486 0.1000000015
75340  44.976  -75.598  9.236 0.1000000015
75572  39.343  -74.962  10.850 0.1000000015
75468  48.343  -72.180  10.116 0.1000000015
115785  45.255  -71.860  4.508 0.4000000060
116160  46.076  -74.299  3.813 0.3000000119
116035  45.106  -72.789  3.887 0.3000000119
115910  44.865  -72.001  4.150 0.4000000060
115909  44.146  -71.305  4.129 0.4000000060
116159  45.391  -73.590  3.679 0.3000000119
116034  44.418  -72.088  3.864 0.4000000060
118209  44.440  -79.833  -1.389 0.1000000015
118104  44.624  -79.795  -1.011 0.1000000015
117890  44.749  -78.849  -0.179 0.2000000030
117562  45.046  -77.552  0.666 0.3000000119
116399  42.440  -71.483  2.880 0.4000000060
117224  44.629  -75.336  1.262 0.4000000060
116994  44.417  -74.581  1.645 0.4000000060
117450  44.725  -76.440  0.833 0.3000000119
117109  44.115  -74.490  1.376 0.4000000060
116877  43.960  -74.059  1.799 0.4000000060
116520  42.681  -72.251  2.603 0.4000000060
118314  44.010  -80.667  -1.652 0.1000000015
117781  44.449  -77.845  0.174 0.3000000119
116993  43.655  -73.918  1.516 0.4000000060
116759  43.525  -73.539  2.019 0.4000000060
116640  43.060  -72.951  2.305 0.4000000060
118416  44.032  -79.879  -2.141 0.1000000015
116398  41.952  -70.677  2.847 0.5000000000
117996  44.046  -78.078  -0.462 0.2000000030
117672  44.718  -77.710  0.443 0.3000000119
117337  44.302  -75.430  0.991 0.3000000119
116276  41.835  -69.957  3.103 0.4000000060
116029  41.849  -68.455  3.451 0.4000000060
117223  43.809  -74.524  1.116 0.4000000060
116876  43.186  -73.371  1.717 0.4000000060
116757  42.112  -72.026  1.951 0.4000000060
116639  42.343  -72.192  2.279 0.5000000000
118518  43.846  -79.914  -2.508 0.2000000030
118313  44.222  -79.853  -1.769 0.2000000030
118208  44.230  -79.047  -1.354 0.2000000030
117889  44.225  -77.960  -0.124 0.2000000030
117997  44.544  -78.916  -0.556 0.2000000030
117561  44.421  -76.614  0.604 0.3000000119
117449  44.043  -75.582  0.739 0.3000000119
117108  43.388  -73.811  1.209 0.4000000060
117336  43.568  -74.612  0.861 0.4000000060
116992  42.920  -73.219  1.403 0.4000000060
116519  42.095  -71.422  2.597 0.5000000000
116518  41.644  -70.594  2.561 0.5000000000
116275  41.546  -69.119  3.012 0.4000000060
117222  43.112  -73.743  0.918 0.4000000060
116875  42.484  -72.651  1.675 0.4000000060
116638  41.815  -71.317  2.254 0.5000000000
116637  41.354  -70.421  2.256 0.5000000000
116396  41.299  -68.978  2.751 0.4000000060
118415  43.941  -79.178  -2.168 0.2000000030
118102  43.890  -78.182  -0.849 0.2000000030
117780  43.889  -76.974  0.121 0.4000000060
117995  43.502  -77.263  -0.433 0.2000000030
117671  44.142  -76.790  0.368 0.3000000119
117888  43.672  -77.127  -0.152 0.4000000060
117670  43.627  -75.904  0.216 0.3000000119
116874  41.882  -71.859  1.675 0.5000000000
116517  41.318  -69.760  2.554 0.5000000000
116274  41.290  -68.213  2.906 0.4000000060
116151  41.338  -67.475  3.064 0.4000000060
117779  43.406  -76.150  -0.059 0.4000000060
117448  43.376  -74.702  0.607 0.4000000060
116756  41.591  -71.146  1.971 0.5000000000
118312  44.080  -79.110  -1.762 0.2000000030
118517  43.796  -79.231  -2.554 0.2000000030
118207  43.767  -78.292  -1.270 0.2000000030
116273  41.119  -67.359  2.795 0.4000000060
118101  43.363  -77.437  -0.827 0.2000000030
117559  43.189  -74.870  0.306 0.3000000119
117335  42.717  -73.507  0.623 0.4000000060
117107  42.664  -73.060  1.110 0.4000000060
118619  43.708  -79.942  -2.897 0.2000000030
118414  43.529  -78.479  -2.138 0.2000000030
117994  42.994  -76.577  -0.629 0.4000000060
116027  41.477  -66.853  3.272 0.4000000060
117669  43.060  -75.137  -0.003 0.3000000119
116990  41.685  -71.653  1.416 0.5000000000
116636  41.062  -69.509  2.223 0.5000000000
115775  42.129  -64.944  3.666 0.4000000060
118718  43.589  -79.326  -3.336 0.2000000030
117558  42.493  -73.983  0.150 0.4000000060
117221  42.357  -72.840  0.809 0.4000000060
116635  40.817  -68.627  2.176 0.5000000000
116394  40.931  -67.251  2.540 0.4000000060
75001  44.137  -62.524  4.120 0.4000000060
118916  43.518  -79.961  -4.116 0.2000000030
118516  43.420  -78.576  -2.563 0.2000000030
118310  43.153  -77.735  -1.679 0.2000000030
118206  43.252  -77.596  -1.250 0.2000000030
117778  42.937  -75.426  -0.337 0.4000000060
117105  41.456  -71.417  1.121 0.5000000000
116872  40.963  -70.065  1.662 0.5000000000
117886  42.788  -75.713  -0.600 0.4000000060
117106  42.010  -72.269  1.103 0.5000000000
116873  41.398  -70.993  1.704 0.5000000000
116516  41.065  -68.808  2.478 0.5000000000
119109  43.549  -79.849  -4.967 0.2000000030
74623  42.972  -63.374  3.599 0.4000000060
74877  44.096  -62.365  3.833 0.2000000030
115900  41.927  -64.856  3.354 0.4000000060
116149  41.285  -65.990  2.885 0.4000000060
118618  43.671  -79.290  -2.943 0.2000000030
118100  42.875  -76.730  -0.909 0.4000000060
116515  40.882  -67.930  2.384 0.4000000060
116272  41.064  -66.560  2.648 0.4000000060
118817  43.528  -79.338  -3.742 0.2000000030
118413  43.044  -77.853  -2.120 0.2000000030
118717  43.199  -78.736  -3.348 0.2000000030
115899  42.153  -64.242  3.261 0.4000000060
116148  41.418  -65.276  2.807 0.4000000060
116392  40.917  -65.768  2.327 0.4000000060
117447  42.468  -73.558  0.355 0.3000000119
116989  41.181  -70.813  1.418 0.5000000000
116754  40.791  -69.309  1.918 0.5000000000
116393  40.896  -66.512  2.418 0.4000000060
117993  42.622  -75.924  -0.812 0.4000000060
117668  42.475  -74.368  -0.126 0.4000000060
117334  42.013  -72.624  0.515 0.4000000060
117104  40.994  -70.665  1.103 0.5000000000
118616  42.822  -78.067  -2.913 0.2000000030
116147  41.623  -64.569  2.749 0.4000000060
116634  40.677  -67.873  2.102 0.5000000000
116870  40.434  -68.436  1.559 0.5000000000
117446  41.888  -72.765  0.206 0.4000000060
117219  41.209  -71.209  0.787 0.5000000000
116871  40.622  -69.163  1.610 0.5000000000
117331  40.788  -70.632  0.436 0.5000000000
117445  41.439  -72.096  0.162 0.5000000000
116158  44.662  -72.870  3.619 0.4000000060
115773  42.571  -63.779  3.430 0.4000000060
116025  41.586  -65.414  3.135 0.4000000060
117103  40.645  -69.937  1.068 0.5000000000
116525  46.466  -75.956  3.150 0.3000000119
116524  45.825  -75.121  2.956 0.3000000119
116403  45.362  -74.444  3.133 0.2000000030
116764  46.963  -77.553  2.963 0.2000000030
116763  46.568  -76.508  2.748 0.3000000119
116762  45.998  -75.593  2.588 0.3000000119
116997  46.600  -77.225  2.289 0.2000000030
116996  46.089  -76.179  2.073 0.2000000030
117673  45.208  -78.665  0.484 0.2000000030
119299  43.550  -80.255  -5.799 0.1000000015
119485  43.610  -80.654  -6.720 0.1000000015
119007  41.774  -76.048  -4.592 0.1000000015
116162  47.228  -75.918  4.331 0.1000000015
116283  46.340  -75.173  3.676 0.2000000030
116404  46.073  -75.168  3.301 0.2000000030
116405  46.681  -76.063  3.508 0.2000000030
116407  47.397  -77.735  4.111 0.1000000015
116646  47.124  -77.643  3.293 0.1000000015
116526  46.965  -76.849  3.374 0.2000000030
116527  47.270  -77.696  3.657 0.1000000015
116765  47.069  -78.549  3.207 0.1000000015
118818  43.562  -79.994  -3.716 0.1000000015
119205  43.414  -80.393  -5.329 0.1000000015
118913  42.635  -78.192  -4.125 0.1000000015
118814  42.194  -77.561  -3.709 0.1000000015
118714  41.882  -76.884  -3.308 0.1000000015
118613  41.667  -76.196  -2.991 0.1000000015
119010  42.679  -78.153  -4.579 0.1000000015
118813  41.820  -76.885  -3.713 0.1000000015
118512  41.712  -76.104  -2.596 0.1000000015
118911  41.864  -76.882  -4.145 0.1000000015
118712  41.509  -75.481  -3.424 0.1000000015
118510  41.416  -74.626  -2.791 0.1000000015
118611  41.435  -74.627  -3.101 0.1000000015
118509  41.345  -73.671  -2.882 0.1000000015
116406  47.152  -76.930  3.739 0.2000000030
118204  42.340  -76.280  -1.369 0.1000000015
117776  41.963  -73.935  -0.536 0.3000000119
118914  43.137  -78.748  -4.156 0.1000000015
118815  42.673  -78.185  -3.717 0.1000000015
118515  42.922  -77.967  -2.531 0.1000000015
118411  42.072  -76.631  -2.092 0.1000000015
118203  42.004  -75.697  -1.590 0.2000000030
117884  41.922  -74.272  -0.840 0.3000000119
117774  41.112  -72.424  -0.717 0.3000000119
117664  40.770  -71.262  -0.509 0.3000000119
119392  43.672  -80.121  -6.294 0.1000000015
119011  43.100  -78.683  -4.573 0.1000000015
118513  42.007  -76.743  -2.520 0.1000000015
118307  41.911  -75.838  -1.889 0.1000000015
118097  41.781  -74.837  -1.429 0.2000000030
117882  41.135  -72.722  -1.008 0.3000000119
119107  43.149  -78.576  -5.042 0.1000000015
118409  41.611  -75.317  -2.375 0.1000000015
118200  41.216  -73.350  -1.918 0.2000000030
117988  40.830  -72.080  -1.410 0.3000000119
118407  41.313  -73.653  -2.558 0.1000000015
118303  41.075  -72.598  -2.338 0.2000000030
117987  40.622  -71.128  -1.529 0.4000000060
118710  41.449  -73.613  -3.570 0.1000000015
118406  41.162  -72.731  -2.672 0.1000000015
118302  40.883  -71.615  -2.450 0.3000000119
75105  48.723  -72.773  8.120 0.1000000015
74857  48.841  -73.790  7.038 0.1000000015
116986  40.328  -68.490  1.254 0.4000000060
117217  40.544  -69.907  0.752 0.4000000060
117556  41.438  -72.414  -0.114 0.3000000119
117444  41.064  -71.425  0.135 0.4000000060
117330  40.487  -69.949  0.409 0.4000000060
117663  40.513  -70.477  -0.580 0.4000000060
117552  40.277  -69.495  -0.335 0.4000000060
117880  40.546  -70.917  -1.245 0.4000000060
117879  40.408  -70.098  -1.324 0.5000000000
118198  40.803  -71.478  -2.125 0.3000000119
118092  40.585  -70.402  -1.933 0.5000000000
118709  41.319  -72.624  -3.757 0.2000000030
118609  41.252  -72.670  -3.397 0.1000000015
118197  40.692  -70.539  -2.224 0.4000000060
119004  41.672  -73.239  -4.788 0.1000000015
118906  41.480  -72.458  -4.537 0.1000000015
118608  41.168  -71.716  -3.508 0.2000000030
118507  41.083  -71.750  -3.141 0.2000000030
119197  42.087  -74.582  -5.528 0.1000000015
119196  42.084  -73.547  -5.520 0.1000000015
118807  41.349  -71.605  -4.240 0.2000000030
119385  42.523  -74.703  -6.374 0.1000000015
119291  42.290  -74.141  -5.940 0.1000000015
116751  40.385  -66.998  1.721 0.4000000060
116633  40.561  -67.081  2.001 0.3000000119
116869  40.297  -67.733  1.508 0.4000000060
117329  40.250  -69.251  0.358 0.4000000060
117102  40.404  -69.239  1.020 0.4000000060
117441  40.222  -69.337  0.002 0.4000000060
117215  40.184  -68.508  0.652 0.4000000060
117771  40.365  -69.912  -1.001 0.4000000060
117770  40.291  -69.024  -1.102 0.4000000060
117661  40.238  -68.866  -0.762 0.4000000060
117985  40.408  -69.360  -1.727 0.5000000000
118091  40.526  -69.447  -2.039 0.4000000060
118607  41.107  -70.740  -3.626 0.3000000119
118404  40.893  -70.682  -2.913 0.4000000060
118300  40.772  -69.591  -2.659 0.4000000060
119289  42.245  -72.079  -5.867 0.2000000030
119099  41.814  -71.946  -5.249 0.2000000030
118707  41.242  -70.716  -3.980 0.2000000030
119383  42.504  -72.644  -6.222 0.1000000015
119195  42.028  -72.522  -5.551 0.2000000030
119926  44.251  -75.700  -8.221 0.1000000015
116750  40.371  -66.252  1.626 0.4000000060
116632  40.553  -66.289  1.902 0.4000000060
117099  40.078  -66.982  0.784 0.4000000060
117439  40.095  -67.866  -0.117 0.4000000060
117213  40.072  -67.026  0.473 0.4000000060
117550  40.126  -67.962  -0.472 0.4000000060
117877  40.349  -68.325  -1.523 0.4000000060
117769  40.277  -68.177  -1.190 0.4000000060
118090  40.516  -68.552  -2.134 0.3000000119
118402  40.922  -68.650  -3.108 0.4000000060
118195  40.637  -68.578  -2.444 0.4000000060
118805  41.386  -69.711  -4.344 0.3000000119
118606  41.094  -69.705  -3.709 0.3000000119
118505  40.985  -69.670  -3.364 0.4000000060
119382  42.566  -71.545  -6.171 0.2000000030
119288  42.351  -70.968  -5.882 0.2000000030
119002  41.676  -71.319  -4.969 0.2000000030
118904  41.513  -70.577  -4.673 0.2000000030
119476  42.712  -73.211  -6.569 0.2000000030
120183  44.871  -76.228  -9.469 0.1000000015
120013  44.540  -76.194  -8.665 0.1000000015
120012  44.354  -75.277  -8.491 0.1000000015
116269  41.433  -64.427  2.447 0.3000000119
116749  40.454  -65.468  1.518 0.4000000060
116511  40.858  -64.842  1.975 0.3000000119
116982  40.281  -65.421  0.946 0.4000000060
117211  40.240  -65.468  0.255 0.4000000060
117212  40.106  -66.280  0.384 0.4000000060
117437  40.204  -66.323  -0.296 0.4000000060
117325  40.119  -66.335  0.056 0.4000000060
117768  40.328  -67.342  -1.293 0.4000000060
117658  40.361  -66.443  -1.015 0.4000000060
118089  40.592  -67.661  -2.259 0.4000000060
117983  40.491  -67.581  -1.949 0.3000000119
118902  41.671  -68.557  -4.613 0.3000000119
118803  41.677  -67.705  -4.289 0.3000000119
118604  41.291  -67.751  -3.754 0.3000000119
118401  40.984  -67.765  -3.143 0.3000000119
118298  40.847  -67.730  -2.847 0.3000000119
119473  43.066  -69.930  -6.386 0.2000000030
119381  42.699  -70.449  -6.154 0.2000000030
119192  42.245  -69.300  -5.569 0.3000000119
119000  41.755  -69.217  -4.989 0.2000000030
118705  41.307  -68.740  -4.021 0.3000000119
118504  41.042  -68.678  -3.441 0.3000000119
119474  42.894  -70.991  -6.440 0.2000000030
119097  41.930  -69.818  -5.335 0.2000000030
119566  43.041  -71.579  -6.730 0.2000000030
116146  41.847  -63.913  2.669 0.3000000119
116144  42.475  -62.740  2.497 0.3000000119
116268  41.682  -63.746  2.360 0.3000000119
116510  41.073  -64.132  1.872 0.4000000060
116391  41.019  -65.018  2.238 0.3000000119
116980  40.786  -63.771  0.666 0.3000000119
116746  41.214  -63.186  1.162 0.4000000060
117323  40.501  -64.662  -0.233 0.4000000060
117095  40.757  -63.797  0.324 0.4000000060
117096  40.469  -64.603  0.465 0.4000000060
117435  40.539  -64.680  -0.587 0.4000000060
117324  40.273  -65.509  -0.081 0.4000000060
117765  40.892  -64.918  -1.659 0.3000000119
117657  40.533  -65.658  -1.149 0.4000000060
117547  40.453  -65.583  -0.793 0.4000000060
118802  42.032  -66.592  -4.342 0.3000000119
118501  41.749  -65.823  -3.665 0.2000000030
118399  41.499  -65.847  -3.403 0.2000000030
118087  41.013  -65.890  -2.555 0.2000000030
117982  40.631  -66.690  -2.095 0.3000000119
117875  40.542  -66.633  -1.762 0.3000000119
118998  42.290  -67.087  -4.962 0.3000000119
118703  41.762  -66.732  -4.020 0.3000000119
118502  41.352  -66.799  -3.513 0.2000000030
118297  41.030  -66.802  -2.981 0.2000000030
118193  40.885  -66.787  -2.701 0.2000000030
119564  43.402  -69.407  -6.579 0.2000000030
119379  43.077  -68.448  -5.997 0.3000000119
119191  42.467  -68.285  -5.517 0.3000000119
119096  42.099  -68.753  -5.275 0.3000000119
115896  43.053  -62.579  2.943 0.3000000119
115772  42.855  -63.214  3.311 0.3000000119
116022  42.261  -63.427  2.876 0.3000000119
117434  40.873  -63.868  -0.714 0.3000000119
118190  41.995  -64.172  -3.091 0.2000000030
117978  42.124  -63.295  -2.555 0.2000000030
117764  41.263  -64.057  -1.792 0.2000000030
117655  41.099  -64.016  -1.440 0.2000000030
118397  42.496  -64.086  -3.618 0.2000000030
118295  41.705  -65.003  -3.270 0.2000000030
118086  41.370  -65.064  -2.680 0.2000000030
117979  41.629  -64.150  -2.478 0.2000000030
74751  43.657  -62.625  3.650 0.2000000030
119569  43.034  -74.768  -7.047 0.1000000015
119384  42.503  -73.670  -6.283 0.1000000015
119472  43.253  -68.971  -6.273 0.3000000119
119656  43.335  -71.020  -6.981 0.2000000030
116281  44.977  -73.675  3.369 0.3000000119
116523  45.031  -74.419  2.781 0.3000000119
116643  45.532  -74.967  2.620 0.3000000119
117111  45.799  -76.117  1.706 0.2000000030
75106  48.074  -72.144  7.805 0.1000000015
116161  46.718  -75.086  4.062 0.2000000030
116282  45.711  -74.409  3.477 0.2000000030
118309  42.655  -77.088  -1.682 0.1000000015
117885  42.336  -74.995  -0.757 0.3000000119
115771  43.153  -62.738  3.191 0.3000000119
118412  42.548  -77.226  -2.094 0.1000000015
116512  40.753  -65.646  2.073 0.3000000119
118099  42.477  -76.110  -1.068 0.3000000119
117667  41.962  -73.602  -0.260 0.2000000030
117992  42.238  -75.271  -1.023 0.2000000030
118716  42.736  -78.131  -3.311 0.1000000015
116645  46.768  -76.718  3.054 0.2000000030
116644  46.262  -75.808  2.868 0.3000000119
116880  46.356  -76.313  2.418 0.2000000030
118812  41.635  -76.213  -3.742 0.1000000015
116284  46.926  -76.057  3.917 0.2000000030
118912  42.194  -77.548  -4.130 0.1000000015
118615  42.339  -77.464  -2.909 0.1000000015
118410  41.794  -75.986  -2.234 0.1000000015
118713  41.633  -76.236  -3.371 0.1000000015
118612  41.529  -75.488  -3.072 0.1000000015
118305  41.477  -74.431  -2.167 0.1000000015
117775  41.528  -73.220  -0.634 0.3000000119
118202  41.731  -75.031  -1.750 0.2000000030
117990  41.536  -73.851  -1.231 0.3000000119
117773  40.763  -71.566  -0.813 0.4000000060
117553  40.500  -70.272  -0.247 0.4000000060
118096  41.482  -74.056  -1.541 0.3000000119
118095  41.172  -73.190  -1.606 0.3000000119
118094  40.919  -72.295  -1.703 0.3000000119
116985  40.208  -67.746  1.195 0.4000000060
117551  40.165  -68.733  -0.398 0.4000000060
119100  41.830  -72.922  -5.178 0.2000000030
119003  41.645  -72.262  -4.908 0.2000000030
116984  40.158  -66.977  1.114 0.4000000060
117328  40.120  -68.550  0.320 0.4000000060
119194  42.030  -71.499  -5.575 0.2000000030
116866  40.346  -65.429  1.239 0.4000000060
118903  41.542  -69.571  -4.663 0.3000000119
119001  41.691  -70.284  -5.022 0.2000000030
119193  42.146  -70.401  -5.608 0.2000000030
116748  40.623  -64.692  1.414 0.4000000060
116629  40.950  -64.019  1.588 0.4000000060
116865  40.523  -64.623  1.129 0.4000000060
118901  41.949  -67.459  -4.601 0.3000000119
119380  42.852  -69.397  -6.086 0.2000000030
119286  42.660  -68.860  -5.795 0.2000000030
116509  41.375  -63.449  1.755 0.4000000060
117546  40.654  -64.773  -0.941 0.4000000060
117873  41.053  -64.915  -2.056 0.2000000030
118801  42.576  -65.479  -4.522 0.2000000030
118602  42.002  -65.771  -3.930 0.2000000030
118398  41.949  -64.996  -3.553 0.2000000030
118192  41.133  -65.902  -2.851 0.2000000030
116628  41.263  -63.301  1.456 0.3000000119
116388  41.854  -62.929  1.957 0.2000000030
116507  42.190  -62.177  1.533 0.3000000119
116021  42.590  -62.892  2.782 0.2000000030
116143  42.866  -62.208  2.427 0.2000000030
117112  46.371  -77.140  1.919 0.1000000015
117227  46.390  -78.335  1.769 0.1000000015
117339  45.732  -77.302  1.183 0.1000000015
117226  46.066  -77.197  1.522 0.1000000015
117563  45.505  -78.557  0.766 0.1000000015
117451  45.387  -77.420  0.911 0.1000000015
74752  44.034  -62.206  3.548 0.1000000015
74880  45.347  -61.170  3.477 0.1000000015
74753  44.435  -61.766  3.405 0.1000000015
115770  43.497  -62.290  3.100 0.1000000015
74627  44.371  -61.573  3.140 0.1000000015
115895  43.427  -62.103  2.863 0.1000000015
115768  44.341  -61.386  2.889 0.1000000015
116018  43.835  -61.453  2.494 0.1000000015
116266  42.358  -62.550  2.202 0.1000000015
116387  42.258  -62.360  1.859 0.2000000030
116142  43.323  -61.721  2.350 0.1000000015
116141  43.802  -61.260  2.219 0.2000000030
116862  41.609  -62.407  0.711 0.2000000030
116263  43.752  -61.010  1.878 0.2000000030
116506  42.647  -61.573  1.425 0.2000000030
116625  42.638  -61.396  1.071 0.2000000030
116745  41.632  -62.505  1.038 0.2000000030
116383  44.274  -60.389  1.482 0.2000000030
116505  43.148  -61.046  1.292 0.2000000030
116744  42.121  -61.872  0.867 0.2000000030
116979  41.155  -63.041  0.534 0.2000000030
117208  41.150  -63.034  -0.135 0.2000000030
117321  41.202  -63.041  -0.475 0.2000000030
117544  41.421  -63.126  -1.203 0.1000000015
116262  44.282  -60.626  1.806 0.2000000030
116861  42.124  -61.776  0.519 0.2000000030
117093  41.618  -62.323  0.023 0.2000000030
117207  41.661  -62.287  -0.289 0.1000000015
117319  42.320  -61.651  -0.787 0.1000000015
117320  41.727  -62.313  -0.629 0.1000000015
74626  43.959  -62.033  3.283 0.1000000015
75003  44.921  -61.733  3.925 0.1000000015
74879  44.902  -61.534  3.597 0.1000000015
75004  45.357  -61.386  3.792 0.1000000015
74755  45.329  -60.942  3.196 0.1000000015
115767  44.808  -60.978  2.758 0.1000000015
116264  43.248  -61.498  1.998 0.2000000030
116624  43.156  -60.866  0.926 0.2000000030
119378  43.277  -67.500  -5.989 0.2000000030
119095  42.329  -67.713  -5.229 0.2000000030
119285  42.833  -67.883  -5.753 0.2000000030
119562  43.782  -67.568  -6.470 0.2000000030
119470  43.578  -67.039  -6.256 0.2000000030
119094  42.655  -66.621  -5.296 0.2000000030
119284  43.062  -66.854  -5.799 0.2000000030
119189  43.039  -66.215  -5.575 0.2000000030
119652  44.118  -67.088  -6.714 0.2000000030
118900  42.362  -66.319  -4.697 0.2000000030
119377  43.465  -66.421  -6.061 0.2000000030
119093  43.097  -65.594  -5.326 0.2000000030
118899  42.888  -65.225  -4.782 0.2000000030
119376  43.803  -65.344  -6.039 0.1000000015
119282  43.866  -64.740  -5.747 0.1000000015
119188  43.487  -65.193  -5.564 0.1000000015
119559  44.592  -64.386  -6.350 0.1000000015
119739  44.927  -64.501  -6.794 0.1000000015
116016  44.799  -60.614  2.221 0.1000000015
118800  43.146  -64.474  -4.593 0.1000000015
119187  44.039  -64.111  -5.533 0.1000000015
118996  43.256  -64.922  -5.065 0.1000000015
119468  44.190  -64.869  -6.220 0.1000000015
119375  44.262  -64.279  -5.924 0.1000000015
119649  44.989  -63.913  -6.531 0.1000000015
119467  44.689  -63.809  -6.111 0.1000000015
119826  45.455  -63.011  -6.826 0.1000000015
116261  44.834  -60.222  1.705 0.1000000015
116014  45.812  -59.781  1.896 0.1000000015
116138  45.314  -60.025  1.820 0.1000000015
118294  42.231  -64.147  -3.363 0.1000000015
118701  42.770  -64.673  -4.334 0.1000000015
118995  43.849  -63.896  -5.061 0.1000000015
118898  43.472  -64.214  -4.834 0.1000000015
119374  44.876  -63.235  -5.864 0.1000000015
119648  45.400  -62.929  -6.417 0.1000000015
119557  45.666  -62.444  -6.169 0.1000000015
116137  45.877  -59.589  1.649 0.1000000015
116504  43.717  -60.595  1.208 0.1000000015
118599  43.731  -62.941  -4.114 0.1000000015
118293  42.803  -63.267  -3.409 0.1000000015
118798  44.541  -62.542  -4.548 0.1000000015
118699  44.135  -62.774  -4.337 0.1000000015
118700  43.411  -63.677  -4.347 0.1000000015
118499  42.790  -63.986  -3.861 0.1000000015
118994  44.572  -62.889  -4.997 0.1000000015
118897  44.124  -63.213  -4.787 0.1000000015
119185  45.514  -62.199  -5.402 0.1000000015
119090  45.046  -62.540  -5.202 0.1000000015
119186  44.713  -63.093  -5.470 0.1000000015
119091  44.263  -63.514  -5.291 0.1000000015
119372  46.448  -61.548  -5.830 0.1000000015
119279  45.992  -61.905  -5.612 0.1000000015
119280  45.169  -62.668  -5.635 0.1000000015
119465  46.024  -61.973  -5.958 0.1000000015
116381  45.382  -59.673  1.261 0.1000000015
116382  44.835  -60.015  1.383 0.1000000015
118189  42.535  -63.311  -3.148 0.1000000015
118992  46.431  -61.558  -5.072 0.1000000015
118993  45.476  -62.049  -4.973 0.1000000015
119184  46.388  -61.598  -5.456 0.1000000015
118084  42.317  -63.319  -2.855 0.1000000015
119469  43.825  -65.944  -6.292 0.1000000015
119560  44.180  -65.467  -6.492 0.1000000015
119466  45.300  -62.788  -6.039 0.1000000015
119647  45.942  -62.042  -6.311 0.1000000015
118395  43.855  -62.460  -3.710 0.1000000015
120508  45.366  -73.118  -10.828 0.1000000015
120586  45.915  -71.484  -10.894 0.1000000015
120587  45.685  -72.572  -11.206 0.1000000015
120588  45.363  -73.687  -11.385 0.1000000015
120745  45.093  -74.847  -12.347 0.1000000015
120822  44.691  -75.411  -12.772 0.1000000015
120898  44.081  -75.966  -13.135 0.1000000015
120427  45.227  -72.616  -10.266 0.1000000015
120507  45.564  -72.064  -10.597 0.1000000015
120666  45.695  -73.132  -11.793 0.1000000015
120667  45.321  -74.273  -11.881 0.1000000015
120506  45.744  -70.962  -10.331 0.1000000015
120426  45.375  -71.533  -10.026 0.1000000015
120262  44.823  -71.623  -9.236 0.1000000015
120346  44.908  -73.177  -9.919 0.1000000015
120509  45.104  -74.229  -10.962 0.1000000015
120665  46.013  -72.020  -11.539 0.1000000015
120178  44.702  -71.108  -8.755 0.1000000015
120179  44.531  -72.246  -8.963 0.1000000015
120425  45.582  -70.401  -9.719 0.1000000015
120505  45.906  -69.870  -10.030 0.1000000015
120663  46.335  -69.787  -10.940 0.1000000015
120585  46.083  -70.400  -10.591 0.1000000015
120584  46.186  -69.276  -10.400 0.1000000015
120345  44.979  -72.139  -9.738 0.1000000015
120972  43.951  -75.434  -13.567 0.1000000015
66451  37.827  -83.026  16.134 0.1000000015
66575  36.170  -84.423  14.160 0.1000000015
66826  36.009  -84.489  14.679 0.1000000015
74591  38.461  -77.213  5.942 0.1000000015
74621  42.485  -64.446  3.848 0.4000000060
74624  43.263  -62.904  3.478 0.4000000060
74625  43.590  -62.460  3.371 0.3000000119
74628  44.829  -61.152  3.029 0.1000000015
74713  35.530  -77.199  6.941 0.1000000015
74730  48.855  -75.756  7.095 0.1000000015
74741  43.202  -68.543  4.888 0.5000000000
74748  42.854  -63.996  4.033 0.5000000000
74754  44.869  -61.345  3.293 0.1000000015
74869  42.879  -66.489  4.936 0.5000000000
74871  42.842  -65.112  4.677 0.5000000000
74876  43.733  -62.761  3.946 0.2000000030
74878  44.484  -61.943  3.721 0.1000000015
74955  32.746  -80.276  9.253 0.1000000015
74962  35.826  -76.789  8.101 0.1000000015
74998  43.319  -63.661  4.519 0.5000000000
74999  43.514  -63.270  4.384 0.5000000000
75089  38.513  -75.898  8.068 0.1000000015
75114  43.918  -67.928  6.102 0.5000000000
75116  43.409  -66.685  5.751 0.5000000000
75125  44.550  -62.273  4.348 0.2000000030
75242  43.426  -64.353  5.408 0.5000000000
75244  43.735  -63.488  5.058 0.4000000060
75246  44.205  -62.815  4.777 0.3000000119
75338  43.184  -75.509  8.817 0.1000000015
75373  46.569  -61.249  4.131 0.1000000015
75443  35.099  -79.350  11.204 0.1000000015
75460  44.604  -75.180  9.587 0.1000000015
75475  44.779  -69.260  7.933 0.3000000119
75484  43.394  -64.196  6.114 0.5000000000
75486  43.875  -63.339  5.719 0.5000000000
75489  44.937  -62.377  5.247 0.2000000030
75491  45.716  -61.921  4.857 0.2000000030
75596  43.951  -68.275  7.904 0.5000000000
75599  43.252  -66.465  7.283 0.5000000000
75674  34.065  -83.574  11.400 0.1000000015
75713  43.986  -68.815  8.655 0.3000000119
75721  42.920  -64.270  6.757 0.4000000060
75723  43.300  -63.348  6.437 0.4000000060
75726  44.473  -62.280  6.038 0.3000000119
75729  45.902  -61.886  5.397 0.2000000030
75731  46.829  -61.753  4.908 0.2000000030
75842  43.667  -62.537  6.464 0.1000000015
75913  36.861  -79.998  13.383 0.1000000015
75948  42.712  -67.868  8.891 0.4000000060
75953  42.144  -64.954  7.507 0.4000000060
76027  36.852  -80.761  13.571 0.1000000015
76036  40.073  -76.373  14.111 0.1000000015
76038  40.723  -75.587  13.644 0.1000000015
76040  41.423  -74.947  13.217 0.1000000015
76070  42.056  -63.813  7.362 0.3000000119
76073  42.919  -62.395  6.952 0.1000000015
76075  43.722  -61.778  6.706 0.1000000015
76078  45.273  -61.399  6.283 0.1000000015
76083  47.994  -61.514  5.055 0.1000000015
76136  35.488  -84.072  12.679 0.1000000015
76137  35.862  -83.420  12.835 0.1000000015
76138  36.214  -82.810  13.051 0.1000000015
76139  36.548  -82.196  13.329 0.1000000015
76140  36.862  -81.560  13.655 0.1000000015
76248  35.284  -84.728  13.031 0.1000000015
76292  41.173  -66.542  9.517 0.2000000030
76297  41.234  -63.879  7.944 0.2000000030
76302  42.770  -61.645  7.114 0.1000000015
76398  42.565  -68.461  11.898 0.1000000015
76418  44.224  -60.838  6.910 0.1000000015
76421  45.919  -60.768  6.484 0.1000000015
76513  41.103  -66.898  11.305 0.1000000015
76517  40.272  -65.424  9.747 0.2000000030
76519  40.243  -64.493  8.979 0.2000000030
76522  40.806  -62.849  8.179 0.2000000030
76526  42.225  -61.215  7.516 0.1000000015
76641  44.294  -60.311  7.174 0.1000000015
76644  46.172  -60.199  6.586 0.1000000015
76736  39.741  -65.177  10.887 0.1000000015
76747  42.242  -60.583  7.886 0.1000000015
76753  45.694  -59.907  6.841 0.1000000015
76835  41.201  -69.083  13.655 0.1000000015
76838  40.456  -67.781  13.166 0.1000000015
76842  39.691  -65.921  12.187 0.1000000015
76852  40.384  -61.435  8.725 0.2000000030
76858  43.321  -59.909  7.739 0.1000000015
76860  44.550  -59.692  7.302 0.1000000015
76953  39.127  -64.187  11.244 0.1000000015
76962  41.319  -60.356  8.595 0.1000000015
76964  42.308  -59.881  8.256 0.1000000015
76968  44.653  -59.394  7.343 0.1000000015
77052  39.630  -67.435  14.043 0.1000000015
77055  39.099  -66.031  13.260 0.1000000015
77062  38.922  -62.729  10.755 0.2000000030
77064  39.280  -61.794  10.016 0.2000000030
77071  42.405  -59.547  8.385 0.1000000015
77073  43.529  -59.279  7.873 0.1000000015
77166  38.628  -63.109  11.801 0.1000000015
77175  41.393  -59.591  9.038 0.1000000015
77266  38.350  -65.119  13.914 0.1000000015
77269  38.307  -63.600  12.878 0.1000000015
77273  38.692  -61.655  11.360 0.2000000030
77275  39.186  -60.822  10.643 0.1000000015
77384  41.565  -58.877  9.318 0.1000000015
77573  37.787  -64.596  15.731 0.1000000015
77575  37.666  -63.612  15.115 0.1000000015
77577  37.739  -62.584  14.365 0.1000000015
77580  38.210  -61.048  13.177 0.1000000015
77582  38.659  -60.190  12.360 0.1000000015
77589  41.872  -58.193  9.590 0.1000000015
77679  37.831  -61.518  14.370 0.1000000015
77781  38.227  -60.141  13.836 0.1000000015
77783  38.751  -59.351  12.967 0.1000000015
77875  37.477  -61.967  16.299 0.1000000015
77978  38.466  -59.304  14.459 0.1000000015
77980  39.119  -58.597  13.503 0.1000000015
78073  38.136  -59.633  15.718 0.1000000015
115769  43.899  -61.831  3.001 0.1000000015
115774  42.318  -64.355  3.544 0.4000000060
115778  42.045  -67.025  3.925 0.5000000000
115780  42.485  -68.506  4.156 0.5000000000
115782  43.298  -69.902  4.347 0.5000000000
115810  33.946  -78.079  6.161 0.1000000015
115894  43.861  -61.632  2.757 0.1000000015
115897  42.719  -63.069  3.041 0.3000000119
115898  42.426  -63.620  3.152 0.3000000119
115901  41.799  -65.481  3.479 0.5000000000
115926  40.907  -78.450  5.501 0.1000000015
115937  32.362  -78.974  6.004 0.1000000015
116013  46.333  -59.383  1.745 0.1000000015
116019  43.380  -61.914  2.606 0.1000000015
116020  42.962  -62.396  2.698 0.2000000030
116023  42.010  -64.065  2.970 0.4000000060
116024  41.772  -64.733  3.047 0.4000000060
116139  44.797  -60.435  1.966 0.1000000015
116140  44.291  -60.838  2.087 0.2000000030
116145  42.130  -63.297  2.581 0.3000000119
116150  41.261  -66.728  2.972 0.4000000060
116152  41.554  -68.353  3.171 0.4000000060
116154  42.150  -69.997  3.365 0.5000000000
116259  45.902  -59.446  1.392 0.1000000015
116260  45.368  -59.822  1.556 0.1000000015
116265  42.782  -62.007  2.109 0.1000000015
116267  41.992  -63.123  2.274 0.3000000119
116270  41.241  -65.156  2.520 0.4000000060
116271  41.115  -65.856  2.576 0.4000000060
116299  37.116  -79.173  3.893 0.1000000015
116301  35.465  -79.110  3.812 0.1000000015
116303  33.723  -79.173  3.831 0.1000000015
116384  43.716  -60.791  1.548 0.2000000030
116385  43.185  -61.260  1.646 0.2000000030
116386  42.703  -61.790  1.759 0.2000000030
116389  41.511  -63.586  2.060 0.4000000060
116390  41.227  -64.288  2.151 0.3000000119
116395  41.072  -68.021  2.648 0.5000000000
116397  41.573  -69.867  2.819 0.5000000000
116417  39.548  -79.963  3.861 0.1000000015
116503  44.289  -60.202  1.131 0.1000000015
116508  41.759  -62.786  1.637 0.4000000060
116513  40.727  -66.425  2.174 0.3000000119
116514  40.769  -67.177  2.275 0.3000000119
116626  42.150  -61.999  1.220 0.2000000030
116627  41.687  -62.647  1.340 0.3000000119
116630  40.734  -64.766  1.697 0.4000000060
116631  40.606  -65.519  1.800 0.4000000060
116660  35.980  -80.585  2.513 0.1000000015
116747  40.873  -63.929  1.294 0.4000000060
116752  40.472  -67.727  1.795 0.4000000060
116753  40.605  -68.497  1.869 0.5000000000
116755  41.155  -70.186  1.959 0.5000000000
116758  42.757  -72.830  1.983 0.4000000060
116772  41.358  -81.303  3.610 0.1000000015
116776  37.481  -81.186  2.424 0.1000000015
116863  41.174  -63.101  0.860 0.2000000030
116864  40.812  -63.843  0.994 0.4000000060
116867  40.264  -66.221  1.335 0.4000000060
116868  40.247  -66.991  1.429 0.4000000060
116977  42.162  -61.699  0.156 0.2000000030
116978  41.613  -62.362  0.366 0.2000000030
116981  40.484  -64.599  0.809 0.4000000060
116983  40.174  -66.213  1.044 0.4000000060
116987  40.508  -69.214  1.314 0.4000000060
116988  40.778  -69.982  1.368 0.5000000000
116991  42.246  -72.457  1.387 0.4000000060
117094  41.135  -63.033  0.200 0.2000000030
117097  40.264  -65.418  0.597 0.4000000060
117098  40.127  -66.229  0.711 0.4000000060
117100  40.147  -67.751  0.885 0.4000000060
117101  40.247  -68.505  0.955 0.4000000060
117110  44.970  -75.277  1.539 0.4000000060
117206  42.261  -61.643  -0.470 0.1000000015
117209  40.772  -63.822  -0.020 0.4000000060
117210  40.468  -64.633  0.113 0.4000000060
117214  40.108  -67.783  0.579 0.4000000060
117216  40.319  -69.231  0.697 0.4000000060
117218  40.851  -70.566  0.776 0.5000000000
117220  41.733  -72.021  0.814 0.5000000000
117225  45.441  -76.174  1.373 0.2000000030
117322  40.799  -63.829  -0.357 0.2000000030
117326  40.080  -67.078  0.145 0.4000000060
117327  40.073  -67.814  0.238 0.4000000060
117332  41.101  -71.251  0.451 0.5000000000
117333  41.505  -71.901  0.489 0.5000000000
117432  41.815  -62.356  -0.970 0.1000000015
117433  41.309  -63.086  -0.841 0.3000000119
117436  40.351  -65.542  -0.434 0.4000000060
117438  40.128  -67.096  -0.198 0.4000000060
117440  40.121  -68.627  -0.041 0.4000000060
117442  40.474  -70.087  0.076 0.4000000060
117443  40.749  -70.776  0.114 0.4000000060
117545  40.988  -63.944  -1.075 0.3000000119
117548  40.288  -66.361  -0.656 0.4000000060
117549  40.171  -67.172  -0.553 0.4000000060
117554  40.759  -71.009  -0.191 0.3000000119
117555  41.083  -71.730  -0.152 0.3000000119
117557  41.916  -73.178  -0.032 0.4000000060
117560  43.814  -75.688  0.483 0.3000000119
117656  40.767  -64.856  -1.296 0.3000000119
117659  40.252  -67.220  -0.916 0.4000000060
117660  40.207  -68.047  -0.842 0.4000000060
117662  40.324  -69.689  -0.672 0.4000000060
117665  41.086  -72.071  -0.435 0.3000000119
117666  41.490  -72.838  -0.366 0.2000000030
117766  40.632  -65.738  -1.527 0.3000000119
117767  40.448  -66.532  -1.404 0.4000000060
117772  40.524  -70.711  -0.919 0.4000000060
117777  42.417  -74.679  -0.441 0.4000000060
117782  44.969  -78.750  0.161 0.2000000030
117872  41.440  -64.099  -2.141 0.2000000030
117874  40.757  -65.762  -1.920 0.3000000119
117876  40.410  -67.475  -1.631 0.3000000119
117878  40.345  -69.200  -1.422 0.4000000060
117881  40.780  -71.841  -1.115 0.3000000119
117883  41.537  -73.534  -0.931 0.3000000119
117887  43.185  -76.382  -0.346 0.4000000060
117977  42.713  -62.519  -2.604 0.1000000015
117980  41.214  -64.991  -2.377 0.2000000030
117981  40.871  -65.813  -2.251 0.3000000119
117984  40.416  -68.466  -1.826 0.3000000119
117986  40.488  -70.250  -1.635 0.5000000000
117989  41.142  -72.976  -1.304 0.3000000119
117991  41.863  -74.572  -1.135 0.3000000119
118085  41.809  -64.187  -2.787 0.2000000030
118088  40.752  -66.741  -2.406 0.2000000030
118093  40.713  -71.317  -1.822 0.3000000119
118098  42.124  -75.498  -1.296 0.2000000030
118103  44.377  -78.986  -0.947 0.2000000030
118191  41.522  -65.047  -2.977 0.2000000030
118194  40.715  -67.698  -2.552 0.3000000119
118196  40.646  -69.536  -2.348 0.4000000060
118199  40.999  -72.454  -2.016 0.2000000030
118201  41.459  -74.249  -1.852 0.3000000119
118205  42.764  -76.917  -1.284 0.4000000060
118210  44.261  -80.650  -1.322 0.1000000015
118296  41.301  -65.877  -3.132 0.2000000030
118299  40.783  -68.620  -2.773 0.4000000060
118301  40.791  -70.628  -2.554 0.4000000060
118304  41.273  -73.524  -2.239 0.1000000015
118306  41.669  -75.189  -2.060 0.2000000030
118308  42.192  -76.473  -1.714 0.1000000015
118311  43.647  -78.385  -1.709 0.2000000030
118396  43.110  -63.214  -3.655 0.1000000015
118400  41.180  -66.806  -3.252 0.2000000030
118403  40.878  -69.633  -3.012 0.4000000060
118405  40.981  -71.709  -2.790 0.3000000119
118408  41.442  -74.549  -2.475 0.1000000015
118498  43.428  -63.096  -3.891 0.1000000015
118500  42.219  -64.935  -3.806 0.2000000030
118503  41.134  -67.772  -3.454 0.3000000119
118506  40.993  -70.727  -3.268 0.3000000119
118508  41.213  -72.735  -3.027 0.1000000015
118511  41.562  -75.417  -2.715 0.1000000015
118514  42.439  -77.352  -2.502 0.1000000015
118600  43.084  -63.846  -4.108 0.1000000015
118601  42.473  -64.820  -4.062 0.1000000015
118603  41.561  -66.773  -3.774 0.3000000119
118605  41.173  -68.710  -3.747 0.3000000119
118610  41.393  -73.659  -3.214 0.1000000015
118614  41.942  -76.834  -2.918 0.1000000015
118617  43.306  -78.658  -2.959 0.2000000030
118702  42.265  -65.689  -4.222 0.2000000030
118704  41.471  -67.745  -4.010 0.3000000119
118706  41.230  -69.729  -4.022 0.3000000119
118708  41.258  -71.667  -3.875 0.2000000030
118711  41.454  -74.595  -3.449 0.1000000015
118715  42.251  -77.519  -3.307 0.1000000015
118719  43.628  -79.971  -3.309 0.2000000030
118799  43.754  -63.470  -4.573 0.1000000015
118804  41.466  -68.710  -4.300 0.3000000119
118806  41.372  -70.706  -4.314 0.2000000030
118808  41.387  -72.538  -4.137 0.2000000030
118811  41.533  -75.435  -3.793 0.1000000015
118816  43.171  -78.753  -3.748 0.1000000015
118896  44.986  -62.305  -4.753 0.1000000015
118905  41.494  -71.529  -4.608 0.2000000030
118910  41.696  -76.169  -4.169 0.1000000015
118915  43.497  -79.319  -4.161 0.3000000119
118997  42.716  -65.949  -5.025 0.2000000030
118999  41.980  -68.186  -4.932 0.3000000119
119005  41.721  -74.238  -4.668 0.1000000015
119008  41.955  -76.811  -4.605 0.1000000015
119013  43.508  -79.924  -4.525 0.2000000030
119089  45.946  -61.836  -5.213 0.1000000015
119092  43.640  -64.555  -5.319 0.1000000015
119098  41.872  -70.927  -5.313 0.2000000030
119101  41.904  -73.947  -5.105 0.1000000015
119106  42.726  -78.027  -5.053 0.1000000015
119190  42.705  -67.256  -5.528 0.2000000030
119201  42.785  -77.844  -5.535 0.1000000015
119281  44.443  -63.685  -5.700 0.1000000015
119283  43.433  -65.800  -5.825 0.1000000015
119287  42.485  -69.878  -5.858 0.2000000030
119290  42.268  -73.107  -5.905 0.1000000015
119373  45.626  -62.308  -5.805 0.1000000015
119471  43.460  -68.045  -6.211 0.2000000030
119475  42.749  -72.139  -6.470 0.2000000030
119477  42.760  -74.230  -6.683 0.1000000015
119558  45.093  -63.361  -6.271 0.1000000015
119561  43.947  -66.528  -6.515 0.1000000015
119563  43.599  -68.523  -6.471 0.4000000060
119565  43.219  -70.458  -6.687 0.2000000030
119567  42.957  -72.718  -6.822 0.3000000119
119650  44.600  -64.957  -6.664 0.2000000030
119829  44.797  -66.075  -7.180 0.2000000030
119833  43.969  -70.038  -7.357 0.3000000119
119837  43.773  -74.245  -7.771 0.2000000030
120086  45.474  -63.538  -7.615 0.1000000015
120089  45.398  -66.543  -7.921 0.2000000030
120093  44.585  -70.564  -8.268 0.2000000030
120172  45.560  -65.072  -8.108 0.1000000015
120176  45.159  -69.028  -8.292 0.2000000030
120258  45.724  -67.462  -8.553 0.1000000015
